3.202425275436912244e+00
1.081717232036776943e+00
2.361300193597584585e+00
1.963038524132687979e+00
2.201124639715861697e+00
2.358273072986863284e+00
1.399360398084429358e+00
-6.662077102658137129e-01
1.396112777064466570e-01
3.141999551151529069e+00
6.503667691441273879e-01
7.527275688694585742e-01
1.252976142225099787e+00
1.604394306583282859e+00
1.751284695257684598e+00
2.002283289295966107e+00
1.026385648026719721e+00
1.480226722134043271e+00
9.154141288470898363e-01
1.356910732896414062e+00
6.896760297163552211e-01
1.982865714039621086e-01
3.350202056965800868e-01
1.635061045416982717e+00
1.931212166939991759e+00
1.668963144172069590e+00
-2.657658393267738894e-01
2.533542182479015192e+00
1.717250375718770039e+00
-7.370249283089931325e-01
1.927217664932391328e+00
1.185350353322895067e+00
2.049829663284851389e+00
1.952344095178622840e+00
1.671165269798070341e+00
2.053842507833049780e+00
7.460932370465162000e-01
2.568426765618537111e+00
-6.755546282058859653e-01
1.707392367629137597e+00
1.470998019617016261e+00
-1.012552227272756067e+00
2.961967775564330552e+00
1.782669136331202164e+00
2.346225542088743232e+00
9.314589324315294405e-01
1.553497455865769927e+00
2.266015148632357867e+00
2.697120976765274847e-01
2.324442608976891034e+00
1.426123654499074078e+00
1.263096858931931132e+00
8.986739331225020999e-01
4.304326974434076192e-01
2.791383894698726831e-01
1.254359348183982537e+00
1.389119934514603916e+00
1.937008171192321715e+00
8.410007283287562752e-01
2.276457827479966944e+00
4.047678832712942043e-01
2.511800715858025335e+00
2.200364153109122700e+00
-5.937857605539047512e-01
-3.485467626228269111e-01
1.219163958741240172e+00
3.282458261444058945e-01
1.361887473890289746e+00
2.658624839564440290e+00
2.006281143440683756e+00
2.447914288787975234e+00
6.195227890016073991e-01
1.404584913240624955e+00
2.751127574570961354e+00
1.177826260705585604e+00
2.320427690924111275e+00
2.123659694618925009e+00
1.007403074372905660e-01
2.683775418881061636e+00
2.768082827092344100e+00
2.641617977218523539e+00
8.154415224979688626e-01
1.389836850828433557e+00
5.098154279958333479e-01
3.150209318804570557e+00
8.083190391542698361e-01
2.285317109368691924e+00
1.259552846161626549e+00
1.762307618330972492e+00
2.599102574225810258e+00
1.934988849237539554e+00
1.611676636113109407e+00
2.474658485476480152e+00
1.358503252698133323e+00
-8.334628600960845013e-01
9.440833871913473230e-01
1.473191958363262666e+00
6.025434941877594319e-02
1.105166302042290383e+00
3.184026750492086055e-01
1.102089796579722725e+00
1.158277087700236851e-01
6.070172016924413327e-01
2.677253066983608321e+00
1.317623930884537442e+00
1.695964897287302264e+00
1.155434062252315375e+00
6.041690000102839520e-01
3.101679645105241079e+00
1.887178119315199076e+00
-1.065418627366996329e+00
8.694790413285181652e-01
2.655446020980292587e+00
1.300926541123459401e-02
3.753273465478894622e-01
7.084040925433329194e-01
1.654475416822921430e+00
2.208098117920955339e+00
1.751212902434337693e+00
9.068214223783253036e-01
1.501315174418710541e+00
1.400540830059197051e+00
2.159802538338435607e-01
2.302149445998741495e+00
7.380103268455925347e-01
2.557865812599975808e+00
7.865812535575509301e-01
2.062300362323528979e+00
1.092554035459648798e+00
8.180062824952429867e-01
7.411771402896701888e-01
3.025096171123573097e+00
3.872821054601598423e-01
2.169538472164934451e+00
9.424543257131787755e-01
-4.102963384567521743e-01
1.810381518125049993e+00
5.345459092195233852e-01
1.197945320414170345e+00
2.599590503307280365e+00
2.566992897359752668e+00
1.280580208232948047e+00
2.727499603270082673e-01
4.239515122594443852e-01
1.262789454106925779e+00
1.669621877913367358e+00
2.348692023987770217e+00
1.767201739462213039e+00
1.367035057128946240e+00
1.118173731667299498e+00
-1.172185093117600996e+00
1.216869926408087554e+00
1.575770677096468120e+00
6.573679745847305078e-02
2.633121596527354225e+00
2.165339834355903825e+00
4.401090131861211674e+00
2.485942699078366402e+00
3.113338747082107894e+00
2.559967943643934873e+00
1.306865042287568501e+00
3.961149317594552244e-01
1.095454118816608924e+00
1.679406426638424321e+00
2.682497815146400733e+00
1.510445931018082444e+00
9.470253519652275243e-01
1.276048806664296098e+00
1.164459029619106856e+00
3.187008434983476413e+00
1.419543542139957815e+00
3.451707341945473129e+00
1.959501876806475140e+00
-2.985089159942333481e-03
3.451169715956728723e+00
2.021131982892470980e+00
2.177069755639660098e+00
1.902113605324837975e+00
1.913434085526462436e+00
2.124652769401405017e+00
2.976553388798939714e+00
2.000413386778920888e+00
1.200946451472684195e+00
1.741061911508221316e+00
2.205971673808536426e+00
2.020582970529066547e+00
1.170769672052210053e+00
1.561428454973238455e+00
2.159808492703460203e+00
2.107745293922703933e+00
2.542104510104803872e+00
-3.767836763819021328e-02
8.372170822380212707e-01
2.393261154348322872e-01
1.481875059367056879e+00
2.724639982613565881e+00
8.957405849764774608e-01
1.374707708982042309e+00
2.988811537632614979e+00
1.986021919057347151e+00
5.068110612779764823e-01
6.925309712286544794e-01
2.396971351914653603e+00
7.178498676742037787e-01
2.087991360475368818e+00
1.978617527759050754e+00
2.833250868808072642e-01
1.064746097164060767e+00
2.306077490823327469e+00
2.169361150902270996e+00
2.220210970803825123e+00
2.228356520680918162e+00
9.228944749790957136e-01
2.907604234847521063e+00
1.357908488599335328e+00
1.081193538445712976e+00
2.862252530208143853e+00
1.511288421200090992e+00
2.783834524077215544e-01
1.602867188138798804e+00
1.487697896003793874e+00
3.492932867958613130e+00
2.316165668450155479e+00
3.149810091978719750e-01
1.747155340933886469e+00
1.165159809520522671e+00
6.689889191791457135e-01
1.503003005326208674e+00
2.716686745377723256e+00
2.279506434635516943e+00
1.635778456383919277e+00
3.046603731228228806e+00
3.607563530905046889e-01
2.256361378446282817e+00
1.327068532237672960e+00
1.551689933178985958e+00
7.029400261524729743e-01
2.346473811919256747e+00
6.416710904382052494e-01
-3.463039658461841697e-02
8.783541311177479605e-01
5.810032289239074332e-01
2.869200743096843809e+00
2.439346823572833500e+00
3.013020151409645297e+00
1.090297227682268666e+00
2.071246525660008775e+00
9.509471008761696265e-01
2.544687945962443187e+00
1.582805700030909257e+00
1.655037559500988964e+00
-2.463600780442676275e-01
2.725144624879254351e-01
2.672583292350278583e+00
1.825991879866660561e+00
1.894427096728585003e+00
1.933032518849245651e+00
2.599221192271719438e+00
1.438828559440047394e+00
2.067589699740818965e+00
-4.884204258495399298e-01
-3.246479952504621735e-02
2.402572486357610781e+00
1.503928530334934788e+00
1.245992396664239887e+00
1.926250789792547824e+00
8.537366431897229768e-01
1.694444669868738984e+00
5.064079953462401473e-01
1.034575270460364127e+00
2.217147937242169409e+00
2.353415201044952720e+00
-2.282970014149965365e-02
-7.897716689307356930e-01
1.662750328563518565e+00
1.668994234168086566e+00
1.817691179087494335e+00
6.340422391188129669e-01
1.130788263493297308e+00
2.284960811457157348e+00
1.718128837754244742e-01
8.692197130704149011e-02
7.414770422243649461e-01
1.549212775399666508e-01
-1.261408021804763191e+00
2.823576098487020403e+00
1.581897795806765483e+00
1.862128564253094698e+00
1.544989748267841412e+00
1.574358056512401571e+00
1.008548246721316932e+00
1.377258445339301529e+00
1.725694489131452958e-01
2.919886129017318588e+00
2.054721514285404727e+00
1.249021927049991598e+00
1.726958943061456697e+00
1.203209799272813019e+00
1.174333612199096155e+00
2.222354339321173544e+00
