9.606975719279848391e+00
1.048385463636775050e+01
4.886577803212019511e+00
-9.101217129806785877e+00
6.344211942373135793e-01
3.034268740003877696e+00
1.064377564853811187e+00
-4.358196593407620334e+00
-2.673387196661220599e+00
-1.057045614132482392e+01
-3.641215895574803074e+00
9.114220699268987147e+00
1.170432323420984577e+00
-1.378492370848551829e+01
-1.450685907240929495e+01
7.471171326948100599e+00
-1.193119542943328604e+01
-3.354311892479551194e+00
3.902045543945813488e+00
-8.614027028190179847e-01
-1.151922816066268496e+01
3.331730616186669103e+00
8.058519105147608386e+00
-1.087540346143001457e+01
-3.175142794444687055e+00
1.497840171398871689e+01
-7.349263997114933389e+00
3.952717042899910105e+00
-8.781544685069024858e-01
-3.424253680802690880e+00
-1.044444854346557428e+00
-5.252628845783915423e+00
4.640191962262509406e+00
-2.719939064423112285e+01
-2.280299508375891904e+01
6.215180114201098505e+00
-1.440329493635896441e+01
7.357276667408310544e+00
-8.631588694674622531e+00
-7.239044455668335043e-02
1.955324457074322098e+01
9.587798608931958455e+00
1.895059728415547040e+00
6.963711887575700032e+00
-8.415146670356589809e+00
4.462143953097218230e+00
8.649737120388774514e+00
-1.056239944545615650e+01
1.129036742018837636e+01
2.550049128275340693e-01
1.205187604456943104e-02
-2.122200043714389750e+01
4.424704920119865825e+00
1.535803152408405703e+00
-3.697687553360768042e+00
1.197640293943536349e+01
-3.518416924087728326e+00
-2.924516937821626694e+00
2.509836522625360544e+01
-1.806509098574204586e+01
1.426006511332219517e+01
-2.209136912885616866e+00
-1.268941329313454602e+01
5.129147868210170991e-01
-1.624439485072480238e+01
9.416236309742108679e-01
-4.746176186959391252e+00
2.296222258620901790e+00
9.738591032991866570e+00
2.629230054902795377e+00
1.171425321124541163e+01
5.984064986359680649e-01
-2.179391807544327975e+01
5.211409547357956029e+00
-1.737705976142910202e+01
1.432688832519515509e+00
1.083440254193971164e+01
7.124380669549518430e+00
-1.177869236443323331e+01
-1.056837286358319616e+01
3.628008785943940495e+00
-1.221177648308885644e+00
1.112833482690777842e+01
-1.187472180751250761e+01
2.265888992632728360e+00
1.647170076043456532e+01
3.490007798893391744e+00
3.937582803958931343e+00
1.520345100857023368e+01
-1.957417252222053650e+00
3.463625786218132330e+00
-1.668502380660937234e+01
-8.271878604912246136e-01
-5.719332097425060546e-01
-4.346955156741254100e+00
-5.609640863747097583e+00
2.684010418063332293e-01
-1.776270078306902089e+00
1.767957347230796472e+01
-4.922207077829608757e+00
2.791689677499937794e+00
-1.951597008170053016e+01
2.593916691840567168e+00
-5.678070562386923203e-01
4.316133042806892917e+00
-1.689647692158523640e+01
6.117404453858506841e+00
3.403107542180915601e+00
1.601673104804517411e+00
-8.760977221608053256e+00
1.393488360831091732e+01
1.418830675073409253e+01
-1.890205150684821644e+00
1.802330520970076577e+01
-1.209482440014429372e+01
-8.100510195453864526e+00
-4.534330532076010556e+00
8.655830441545292686e+00
-6.958632091507437778e+00
2.246503964861546621e+01
4.496533913025576368e+00
2.493007635510833708e+00
1.540573878368527438e+00
-4.497732120971703829e+00
-1.069880575470554440e+01
7.985479010546479017e-01
-6.195361793568242348e+00
7.821454126774607829e+00
1.367860816228074761e+00
-9.463761202822718044e-01
-1.270700689696780117e+01
-1.137277911251230123e+01
-7.247724070541212704e+00
-1.500348847573849831e+01
-6.585116580952020016e+00
2.411363736801222402e+00
-5.826408450140206696e+00
2.900798870238121197e+01
-6.917945165795515550e+00
-4.222430869928604835e+00
1.568163393408035233e+00
-1.497298317228237252e+01
-2.145130148181081609e+00
1.449084345120775996e+00
5.771389022712606121e+00
-3.126322070669246500e+00
1.341507605165813644e+01
-1.156731337407489946e+01
-1.971382241132243962e+01
4.205442602854423839e+00
1.242014878134982236e+00
4.940001471103633968e+00
3.192516019182228160e+00
4.447281212068509682e+00
-1.543763075153133713e+01
-6.405115822107911860e+00
-8.930952195717762887e-01
1.368424388314826778e+01
-4.801006844714907018e+00
8.221456821500014556e+00
-4.660394677400542029e+00
-5.300472005681857723e+00
1.182925164523911832e+01
1.822080662420315633e+00
1.833924189451520448e+01
6.823682515165348406e+00
-1.376157940590326945e+01
7.108805446563777330e+00
1.263120529671632397e+01
-2.274836529762157777e+00
-1.207800980138500790e+01
-1.330278321797585406e+01
-9.375623059340250087e-01
-2.069058131179836479e+01
1.970259509787878471e+01
-1.667954261130691052e+01
3.209044809256074604e+00
-6.415449123472826365e+00
-4.165928041634787249e+00
4.759409557119579581e+00
-1.877487447743058091e+00
4.044136324423216466e-01
-1.916700415282693726e+01
-2.867828781958061235e+00
6.031833719357384993e+00
8.281755346125009964e+00
-8.976210150126991749e+00
1.014378581184207384e+01
7.513163497629642862e+00
-2.015052241584901083e+01
7.097054203294746344e+00
1.540120544479115949e+01
3.907305295337514472e+00
9.068091354157864714e+00
-2.685965582596486559e-02
-1.345607269373521042e+01
-4.978232606350577072e+00
-2.528241470032837945e+00
-3.714425474215901080e-01
8.752743152939549631e+00
1.435955184046804511e+01
-4.283663612350943062e+00
1.302598799394538887e+01
1.910627284892905919e+01
8.693326194911999982e-01
-1.261331294261601599e+01
5.644937154536801671e+00
-5.707087118185779850e+00
-1.487710917284286172e+00
1.969676109185866864e+01
-9.431825512964332248e+00
-1.405770419239786229e+01
-1.209025047997351443e+01
2.743115352934702322e+00
-1.031790241217605342e+01
-2.744223140720305931e+00
-6.161480515980456651e+00
1.247971510674043438e+00
-3.469706321483998490e+00
-7.348712341352050537e+00
5.508754154876601916e+00
2.039501456225073284e+01
4.990103644876973554e+00
9.514738452790505008e+00
-1.024926437928973932e+01
1.699637737176774266e+01
9.567055058485378183e+00
-1.515377336825656407e+01
-1.027638946346088211e+01
1.695700481061826892e+01
2.749298431176101332e+01
-6.422352810183626026e+00
9.265194258526886273e+00
9.474099856448964019e+00
1.936416667770025413e+01
-1.695790885657345815e+00
-1.553215714002103809e+01
-4.966872215394635415e-01
6.470335918095289074e+00
9.895867022798464419e+00
1.836128273639805464e+00
1.354506131940324209e+01
6.000609660300754378e+00
6.859448294823086378e+00
8.921289417533133204e+00
1.329576054554289222e+01
-3.796254267257225479e+00
3.587247618657900983e+00
-5.304672958875357835e+00
-1.272005424169414534e+00
9.705911724974601640e+00
-1.218533852813411933e+01
3.871595758780984831e+00
1.574584602980395154e+00
-7.700387443051489811e+00
1.481207272580247647e+00
-1.977306756829302348e+00
2.647007997066893381e+01
1.428545502847002524e+01
1.288195457636931707e+01
3.504557752227927203e+00
1.337368058210948973e+01
-9.425232953203790842e+00
-8.151078741540421918e-03
-1.508024183972700527e+01
7.923872265921585445e+00
1.203686501771567841e+01
-1.727948422881598001e+00
1.061620696989227142e+01
9.875674063222536603e+00
2.799202506329007356e+00
-6.749009970681826509e+00
8.329560165336193478e+00
-4.226627824113854182e+00
1.784670097788932353e+01
1.895173836976851600e+00
1.527513917341464733e+01
7.390680623366268076e-01
-3.251080781599143155e+00
4.106512853518552220e+00
1.375416593982968116e+01
6.092226103223129741e+00
1.569148165911776616e+01
-9.465658213662797138e+00
1.901329851588062425e+01
6.052874312185040573e+00
-6.048042496737054741e+00
3.908918082786428272e+00
-4.238066471464153828e+00
6.279934251636945852e+00
3.461730976233474699e+00
6.830372326100185632e+00
-1.248595747449587989e+01
-2.791563388318927696e+00
-5.743168994231922397e+00
6.267854484852430019e+00
9.622292744314499657e+00
1.276722441158074872e+01
2.436706688505563267e+00
-6.847069523109564848e+00
