-8.444306928083348041e+00
2.942548010615007037e+00
8.688107305359662469e-01
-2.893001360951594769e-01
-5.234857895498358005e+00
-5.518360195362345344e+00
-3.281587369716928215e+00
7.934241833075947881e-01
-9.457364584537324426e-01
-4.145224950535162378e+00
4.224376740502994387e+00
-2.797019128909611574e+00
-2.292520681581630360e+00
4.948124643268039247e-01
-1.582797368198819665e+00
-8.034743735238841111e+00
-2.889239786485143568e+00
-8.006793468884790599e+00
6.017528091717254668e+00
-1.535221362642125165e-01
-4.386507759061181844e+00
2.113519049356625157e+00
-6.644740117530598233e+00
-1.107424489548204427e+01
-3.153764535272906677e+00
-1.898651574185640234e+00
-2.819108825452699474e+00
1.386457562849444880e+00
-2.382376339112620478e+00
-9.735855219994784093e+00
1.842916251110036097e+00
-4.971635879785973877e-01
1.090968551628103356e+00
-4.694012614470862488e+00
-4.442081479832568291e+00
3.061279988417999753e+00
1.477948678196316923e+00
-3.280628989869596168e-01
1.114452748356644651e-01
-7.159138416195309773e-01
-1.815993379560198795e+00
4.248021672317409347e+00
-5.045994551090750013e-01
-5.151854989367225635e+00
-5.025187903698908887e-01
-7.309767274786351798e-01
2.891041615364552619e+00
6.007161573088044548e-01
1.539082086098594093e+00
3.250826023424744360e-01
-9.119547737194501069e-01
3.116643301197256299e+00
-2.019099975798555047e+00
3.808187586029132099e+00
2.532943645298550983e+00
-4.545858382414538212e+00
-3.036447579660426221e+00
-2.001406499049559251e+00
-1.557717014194807348e+00
-3.185058015015101773e+00
1.664189728556336512e+00
2.943873792491719321e+00
-1.831715955151671738e+00
6.800577881373243372e+00
-2.547189340121466916e+00
-3.055709780144551857e+00
-6.620160978024658860e+00
-6.285817727000616584e-01
-7.560450443767913420e+00
-2.851055190151834839e+00
7.397861961468961134e-01
4.957234670936832011e+00
9.481326692783049737e-01
-5.448444711071740443e+00
3.434479507459979430e+00
2.414433654452949440e+00
-2.783424472025584073e+00
-3.822512984649570456e+00
-1.527567974402610496e-02
-4.651849379409382479e+00
-1.921373606593470784e+00
-7.030115416966685515e+00
-3.455661826019925886e+00
4.884157508197447761e+00
-6.079364372560609908e+00
2.252529946339399736e+00
2.513261235792201731e+00
1.185738401845426893e+00
-5.756409620231198510e+00
-3.519798104560087904e+00
-2.148211922968123577e+00
-2.908925005495802907e+00
-2.681086203701634307e+00
-1.140933635585600747e+01
-1.269833060720996443e+00
2.333738308796390992e+00
-1.924040120405969834e+00
-6.623699433174713214e+00
-7.511861127002195992e+00
5.850159614265133534e-01
-1.587021534085980345e+00
-6.747270132116650387e+00
-9.194311680034550349e+00
1.021360401323857303e+00
-4.178346293670878175e+00
-1.157739128776084669e+01
-3.036059321024534796e+00
-1.667351615965102951e+00
6.655014101108935876e-01
-2.724914269622209950e+00
-5.564499570796951566e+00
-4.033853901004707865e+00
1.328520688396634952e+00
8.487073022669875400e-01
-3.925038341918629214e+00
-5.383911479321065841e+00
-9.976814063450113457e-01
-7.812312602240989889e+00
-6.420210742574767870e+00
-3.447285735243672100e+00
1.933862352614868829e+00
3.927043751621347667e+00
-2.152142778818927127e+00
1.838289900280207778e-01
2.557198446917405832e+00
-5.449904143020450675e+00
-1.622596556466081141e+00
1.868565323996109750e+00
-3.095000964982828062e-01
-3.378250879198199108e+00
1.129066817111324728e+00
1.783619998260197015e+00
2.996279128665687352e+00
-3.593224188271797015e+00
-3.527054043647323223e+00
-6.707075761618797038e-01
-2.116074480370413013e+00
6.097010595195898830e+00
6.591629501806570701e-01
-2.512703636587386491e+00
-1.688537771208265870e+00
5.729343812702896166e-01
-6.215917716095361811e+00
-4.290159171608449729e-01
-7.713502099451275740e+00
-9.682700451359737670e+00
-4.135248583430652047e+00
-1.039768532351409647e+01
1.014543362510267777e+00
6.343872281233156052e-01
-3.784810000024592558e+00
-3.602217483631641404e+00
-4.979016952471445379e+00
-2.159635734513652316e+00
-3.099389289995314378e+00
1.037796491487828376e+00
3.872031107730742328e-01
-2.071633329743659324e+00
-2.986832028667172345e-01
-4.338344182785634828e+00
1.134956773328322566e+00
5.730724201086758285e+00
1.649195996149221966e+00
-3.928114110008093185e+00
-1.085564649912678448e+01
-1.907638415864523429e+00
1.359162231010980104e+00
-1.219995848542247519e+00
5.021904173173020958e+00
2.359873462363106800e-01
7.629406494868917754e-01
-2.093118934454769597e-01
-4.535758449987675078e+00
5.872886963653751735e-01
7.386498737800188508e+00
-1.457964268091781035e+00
-3.535455754502382586e+00
-3.313116476253910037e+00
1.334880447211126864e+00
-3.478612222505294671e+00
-2.446819683885994579e-01
-7.892578498343032489e-01
-1.500663421936399011e-01
2.144201940169095266e+00
-1.849924632747657061e+00
-5.158009118782097779e+00
2.704812802440502928e+00
2.287206511236359319e+00
-9.617401478632662259e-01
7.939787850384547596e-01
-1.152515015742229210e+01
3.221656500519680222e+00
-2.790147872374680205e+00
5.928239431181824948e+00
2.272972451191075383e-01
-5.023800551544042037e+00
-5.572497368336540191e+00
-1.585285751909660590e+00
-2.998889465692350598e+00
-1.340304032620303953e+00
2.177643453358200087e+00
3.817125924612193799e+00
-6.723386202826577396e+00
5.195570831467630768e+00
-7.274167480322307533e+00
-6.777262778976543167e+00
-5.837985716851712858e+00
-8.413972009992210843e+00
-4.116758602743612272e+00
-2.716903158140587138e+00
5.728440943801271779e-02
4.792801543893971949e-01
-3.551534764647612530e+00
-5.068391570663498547e-01
-5.630524070725821950e+00
-4.456433835023537071e+00
-3.806876480369700833e+00
-3.846743078928371862e-01
4.355299636410570052e-01
-3.239349411864335782e+00
-1.549824776706447471e+00
-3.649372007055366129e+00
1.352020033254010212e+00
-1.747298127891000918e+00
-2.483211986496129953e-01
-1.893072454733425447e+00
-8.035608463188429473e-01
-8.441634748187830439e+00
-2.146839110416008278e+00
-5.546490136547837402e+00
4.435954245271148899e+00
-1.866958205982842234e+00
-1.167486801157893384e+00
-3.869106301271784343e+00
9.545961601519941553e+00
-8.424128195714780665e-01
-1.299646589247805295e+00
-4.232009876215294675e-01
2.247780819128700980e+00
2.641901183118861240e+00
-2.586122195558298920e+00
-5.204027552442454407e+00
2.518024657655708154e+00
3.581825320680078306e+00
-3.581378959120431471e-01
-8.477581130325127390e+00
1.908993909470853900e+00
-1.802761299317276134e+00
-4.695321035969951318e+00
9.820852433810745019e-02
-3.923817410342541390e+00
-9.293087075744052683e+00
-5.136323273487446883e+00
-4.328590005973048882e+00
-4.976338852196552587e+00
-5.937120219574886226e-01
-8.660829174572183264e-01
3.640351561985885276e+00
4.942057348803798877e-01
1.718882723912200650e+00
-6.646565635102342107e+00
1.475527759679421624e+00
-3.732505894714927663e+00
5.761225253961708148e+00
-6.594824822803849074e+00
-4.549349802669724330e-01
-2.281744412199400607e+00
-1.078234288506530980e+01
-1.368584558725870925e+00
-1.517064594544126344e+00
6.516616728067479158e-01
-5.553040703224324526e-01
-4.689537756939945012e+00
-3.208761268328948368e+00
-9.991362152162455601e+00
6.505696807032395057e+00
3.901936551691866484e+00
-4.669223412709664345e+00
4.267008029668486913e+00
-2.900030239838398138e+00
-5.506551435760992597e+00
-3.152958530893644529e+00
2.169537828770742749e+00
-1.751906082705413148e+00
-1.348400122847176474e+00
-3.910705678072859737e+00
-2.034604215531048421e-01
-4.860018476747082872e+00
7.870119098291020521e+00
-4.915271105741203073e+00
-6.290241833461649001e+00
-8.546162943292040515e-01
7.530704852071643529e-01
3.259811616534782353e+00
9.588452022178259426e+00
2.457738216662896935e+00
-2.673884246894564498e-02
-6.512489206009575149e-02
-3.914474991698194462e+00
-3.601437089334820207e+00
