5.282148374249925560e+00
4.535361126916353847e+00
3.884091598467591222e+00
5.051615171746551169e+00
4.780976643783414026e+00
5.053045877812770925e+00
5.754287421960357918e+00
5.462417758897442965e+00
4.704355850095011782e+00
4.918703730071996461e+00
5.089176158951433493e+00
4.695859326283976287e+00
5.723096391317071152e+00
5.281561781070244876e+00
5.008934876024818905e+00
4.513928552505044323e+00
5.059115991129425005e+00
4.485187026968095125e+00
5.227583940909547700e+00
4.461793311297943987e+00
5.954319213405858235e+00
5.184131265515232734e+00
5.408099272854911987e+00
5.769160822052207926e+00
4.765097165300208104e+00
6.276947433180063207e+00
4.742085246606738025e+00
5.348939518763108580e+00
5.284563745672697266e+00
5.196433371215203323e+00
5.640035907519285630e+00
5.201931669889559018e+00
5.136258241239847422e+00
4.887770638685262625e+00
5.195977487231450809e+00
4.588336143057652805e+00
5.113928907492599762e+00
5.426659852955621588e+00
5.704184087344876808e+00
4.894072619353770470e+00
5.572816059052657423e+00
5.058412511862081296e+00
5.120635831927090820e+00
4.989098798860575279e+00
5.678842893450921636e+00
5.327107456962718146e+00
5.537664251814885752e+00
5.124181709905991866e+00
5.089386231170212049e+00
5.644644143505251677e+00
5.434366385776217001e+00
5.624304166335163835e+00
5.672010252260267116e+00
5.076939404812041090e+00
5.229680628390375396e+00
5.262398700471621282e+00
6.272062149070584347e+00
5.088530390294293326e+00
4.871223758822635475e+00
4.954645236117939611e+00
4.159960395168365466e+00
5.481013791861304441e+00
5.888944972803223266e+00
6.015260400152850906e+00
4.361945323280892239e+00
4.935216791038900652e+00
5.147253087806006988e+00
5.757627181809579220e+00
4.533023936205171189e+00
4.648431222962387643e+00
5.220787910212149718e+00
4.138853943878118891e+00
5.306027044351142585e+00
5.490978240895319828e+00
5.071312501944222895e+00
4.319567912684643574e+00
5.074306162209501814e+00
4.307559171178475310e+00
5.029697647158536178e+00
6.004128849647445421e+00
4.074139288161245709e+00
6.447509450091213346e+00
5.246629960417989125e+00
5.261575235143214790e+00
5.478532192354828467e+00
5.510486694344328029e+00
4.850253426787276112e+00
5.715737617101721568e+00
4.778095372683067055e+00
5.264649519588828319e+00
5.249541412460629886e+00
5.080896645707674075e+00
4.432802727559747247e+00
5.532437433895416312e+00
5.440467761364518040e+00
4.850642667190346202e+00
4.976548236197571917e+00
5.466702199757701663e+00
4.884874022071107547e+00
5.685526682808660581e+00
6.274491601260414164e+00
5.194891180348225390e+00
5.528312195796057260e+00
4.768638150591188563e+00
4.999283105974118513e+00
5.270229964526908617e+00
4.982299525422697606e+00
4.336784066813076599e+00
4.356781868486183207e+00
4.526617185927569231e+00
5.601465920363940754e+00
4.935542338289694797e+00
4.577767445609138619e+00
5.117958944269318522e+00
4.743905094987525217e+00
5.026469060091199204e+00
5.293414915660936693e+00
4.489031665683295813e+00
4.691932341623557434e+00
5.161909895821551686e+00
4.374448447237224258e+00
5.738797698838697059e+00
5.002885143172166593e+00
5.892072146123109810e+00
4.999216104236748670e+00
4.400096878550463053e+00
5.057142194232262078e+00
4.639390745168815222e+00
5.457442080417603592e+00
4.743467702600528746e+00
5.712969086323755441e+00
5.165289527664397085e+00
5.257102207991321663e+00
5.069889953650582370e+00
5.021732179881913005e+00
5.062092018135960991e+00
5.164866846117316612e+00
4.361614850992049597e+00
5.377618221760799067e+00
5.973531916470740555e+00
5.450854656540515819e+00
4.624239751630947914e+00
5.237031046325451022e+00
5.386088527383340541e+00
5.405162706304054154e+00
4.474664266646009914e+00
5.515096914111383697e+00
4.895642629122924916e+00
3.894188525639110665e+00
4.417695729964543183e+00
4.280100103425525937e+00
5.740185787166660170e+00
4.626858948347533307e+00
5.033194749915532284e+00
5.552361830323303771e+00
5.202220727156311675e+00
5.473394902569312492e+00
5.325015184110915456e+00
4.780715461538154187e+00
5.433539045303103165e+00
5.773916931663208629e+00
3.912736869266774331e+00
5.453226769365871363e+00
5.515077135926846452e+00
5.679208787839755246e+00
4.871637125800281964e+00
5.137746826124773847e+00
4.845087825604140086e+00
5.277130131576713623e+00
4.339409512974317984e+00
5.864104337328361005e+00
4.665903899198342586e+00
4.073562015291654070e+00
5.069531736339883743e+00
5.132429950097773919e+00
4.225098805694767812e+00
5.106164315721737346e+00
5.657863572695597476e+00
4.798015135917050422e+00
5.647101133319686106e+00
4.549582486928605896e+00
5.140169602281564387e+00
4.534857190861203868e+00
4.490683634421206882e+00
5.087214426253303223e+00
4.964132927613960078e+00
4.717749132159975822e+00
4.475758773556176351e+00
4.364165783452614633e+00
4.575551591878735280e+00
5.386649968732616145e+00
5.543170372003704216e+00
5.075021162547574960e+00
4.055563895705205368e+00
5.133242753278058679e+00
4.277950708812911174e+00
4.526403755170884224e+00
5.360614025228831458e+00
4.906724452738613351e+00
5.301578626791345172e+00
5.433553133976200655e+00
4.597752277455038339e+00
5.334961306796860647e+00
4.980546223686361351e+00
4.501188755857274515e+00
4.530650489026713856e+00
6.076720120354152321e+00
4.255999788639847736e+00
4.764528414352094288e+00
4.162957127725697148e+00
5.422437433684106800e+00
4.865998707118605715e+00
5.581714051685263023e+00
5.099291591846102811e+00
5.233948296393687194e+00
4.899768126074996566e+00
5.812034811949291502e+00
5.155336496088828824e+00
4.966445186004493806e+00
5.317938763278045933e+00
3.870188136223170261e+00
4.387691377240512836e+00
5.710295527334106502e+00
3.903895244030310963e+00
5.049183113472149209e+00
4.966237172460630234e+00
5.085010056678069823e+00
4.625879198032763817e+00
5.024007709415486467e+00
4.846595198462835263e+00
4.727329456638837968e+00
5.326728346704574513e+00
6.016731892055570796e+00
5.271396364613945451e+00
6.064658261994449795e+00
4.796980913515495715e+00
5.474110569634389023e+00
4.593804410775913283e+00
5.186772894862052397e+00
4.602941859758145959e+00
4.894178167698497006e+00
5.661498865178859141e+00
4.811875573827088637e+00
4.900533037261402214e+00
5.426035740873157209e+00
4.988963283851370001e+00
3.956521691322283374e+00
4.617003266727465416e+00
5.695993702463950648e+00
4.887228358767377046e+00
5.815245590710579116e+00
4.635420898283608260e+00
5.611705022813332278e+00
5.016923924378487776e+00
5.036185072164191645e+00
4.406638459790498175e+00
5.118911832590638866e+00
5.171294690265751726e+00
6.000527328825065787e+00
5.013509988342644164e+00
5.394608344130892519e+00
4.526115719336702092e+00
5.577633283949303689e+00
6.189423571785863665e+00
4.545482321074659104e+00
4.705095195081859138e+00
5.436276548005939624e+00
4.052828330468472018e+00
4.401343917139478812e+00
5.395314202691918304e+00
4.088491481832726038e+00
4.884436754373544964e+00
4.544622232312369725e+00
4.612327229347461532e+00
4.782427728673362743e+00
5.677421564874368443e+00
5.982026760569786106e+00
5.344543439690711217e+00
6.257563579499342055e+00
5.127161923586478487e+00
5.044168391326078194e+00
5.258092829588654205e+00
4.272767209934044352e+00
5.474607716631914478e+00
6.417254334084441680e+00
4.858727813688015651e+00
4.990804778209571246e+00
5.456713583836655168e+00
4.899004643260182590e+00
5.991595609630181229e+00
5.132149084877548617e+00
4.939394009462948709e+00
4.724963805501719349e+00
4.411871852089300106e+00
5.792121355787756443e+00
5.441316595032765768e+00
5.371216229763270178e+00
5.055731511490294317e+00
4.690196218031862152e+00
4.716118651053381683e+00
