-4.739985851278271767e+00
-5.040010900256802095e+00
-5.051566935653262647e+00
-5.183880542808425140e+00
-4.978869568711922433e+00
-5.087699420362440605e+00
-4.894410361932812314e+00
-5.154063279730607405e+00
-5.015716509530077971e+00
-4.541718159522659448e+00
-5.161908291747652200e+00
-5.263966291985213708e+00
-5.034491100805109198e+00
-4.773666808178566257e+00
-4.829947273996105572e+00
-4.929657065386266801e+00
-4.811088361566078220e+00
-4.948856312881685149e+00
-4.993293363906866844e+00
-5.038577061462417461e+00
-5.211778151389999891e+00
-5.010551272083985985e+00
-5.113574030893722089e+00
-5.148009700865642913e+00
-4.915402262569601888e+00
-4.760497707605986228e+00
-4.968202584944543254e+00
-5.192566305584168873e+00
-4.962494974050904339e+00
-5.286281603420011521e+00
-5.092209465547695046e+00
-4.883686020196654098e+00
-4.878327764744621931e+00
-5.040861130253961875e+00
-5.007825202683784838e+00
-5.147116089805115813e+00
-5.067856197435476773e+00
-5.017425524558498218e+00
-4.887468881634699613e+00
-4.779959730096561721e+00
-5.277891245316801871e+00
-4.771768260144246376e+00
-4.895180858984226724e+00
-4.830458453048854572e+00
-5.064215075776390407e+00
-4.992552767705960015e+00
-4.892085792172659708e+00
-5.151762833574283107e+00
-5.303771001428274623e+00
-5.046649970947770569e+00
-5.132307282837857976e+00
-4.965450783356732956e+00
-4.987086163525701998e+00
-4.944684671968116341e+00
-5.042406209990642374e+00
-4.681081424289358139e+00
-4.632727476172474823e+00
-5.155353672776501028e+00
-5.039988104039667682e+00
-5.242749486077700638e+00
-5.067556251348788621e+00
-5.098658093759079968e+00
-4.989368032202728287e+00
-5.118648641874693261e+00
-4.897512826981519574e+00
-5.222967023749279569e+00
-5.031664745232211189e+00
-4.617493650588077259e+00
-4.787722665128205435e+00
-4.680052706054182110e+00
-5.027437677896976709e+00
-5.241760562279475621e+00
-5.110554274755499726e+00
-5.008395136389612645e+00
-5.172391884146977148e+00
-5.184447355115088030e+00
-4.581940797121885289e+00
-5.088345485341175589e+00
-4.825032956053989963e+00
-5.035325619454812163e+00
-5.278686933785550650e+00
-5.114222006517217700e+00
-4.761794732090899984e+00
-5.372596037660444246e+00
-5.123250221167655383e+00
-4.925427094614567736e+00
-4.865283249899736262e+00
-5.047339287973778177e+00
-4.983883272419888044e+00
-5.234399239357492739e+00
-5.459042766437285366e+00
-5.244794559730165950e+00
-5.039557483887922906e+00
-4.645108381747570903e+00
-5.137043239468582101e+00
-4.898814068779576480e+00
-5.091561911685335673e+00
-4.933255759031125898e+00
-4.871155823161881671e+00
-5.185984947782025678e+00
-4.939349137039767079e+00
-5.112779312558197731e+00
-5.056129471536544351e+00
-5.129003157315085382e+00
-4.858336018903304243e+00
-4.973516039810197853e+00
-4.896323354900991909e+00
-5.361259150716537469e+00
-4.747118661792024241e+00
-5.095037306818025691e+00
-5.045517356054193492e+00
-5.038187019793681998e+00
-4.998636160780798754e+00
-5.025450208104257577e+00
-4.874859662473947530e+00
-5.149932435280721421e+00
-5.047788972483803427e+00
-5.452150344892459977e+00
-4.835310448277123641e+00
-4.665717837550662495e+00
-5.126059894654604321e+00
-5.171755866195904439e+00
-5.290836899250181524e+00
-5.032529033376082594e+00
-5.342845805317278263e+00
-4.790335857970844380e+00
-5.059595616921112260e+00
-4.971353043477429345e+00
-4.748226553967585417e+00
-5.067546908979523756e+00
-4.961283560849954810e+00
-5.155580648026609758e+00
-4.925786285539641263e+00
-5.410988010942321402e+00
-5.014135542852778293e+00
-5.253853369561570119e+00
-5.089626368493886055e+00
-4.616742181380832477e+00
-4.831669819448223713e+00
-5.026440793002386442e+00
-5.057325445552027787e+00
-5.028775214339561650e+00
-4.903091113005169532e+00
-5.288940490154995899e+00
-4.801878314058727781e+00
-5.329218554032831179e+00
-5.385036648862967290e+00
-5.292450805950279502e+00
-5.150976699372702861e+00
-4.836043846931977086e+00
-4.972773862398842226e+00
-4.701154557055788885e+00
-4.814821433049591981e+00
-4.845264795322464124e+00
-5.066700344959187419e+00
-4.881177765408464708e+00
-5.078227918161148935e+00
-4.989630616689776588e+00
-4.983634872843244246e+00
-4.735342807768344819e+00
-5.319069770391746665e+00
-4.618817588518458805e+00
-4.885674720776054691e+00
-5.175032806757112525e+00
-5.084372896697479050e+00
-4.952464057703052980e+00
-4.834804957698003669e+00
-4.520939690887700202e+00
-5.152076979089471820e+00
-5.001362704345473809e+00
-4.733767972796694146e+00
-4.982264073948969418e+00
-4.677955408889378219e+00
-5.063770827062000102e+00
-5.080127547072394556e+00
-4.877424784930151525e+00
-4.712931653891113015e+00
-5.178241806749121601e+00
-5.218009219152818901e+00
-5.080402641278463527e+00
-4.754195548889835088e+00
-5.212611342588213681e+00
-4.869119183056445088e+00
-4.698617964853608164e+00
-4.994990576235930568e+00
-5.052539610870236508e+00
-5.171328648250876014e+00
-5.154001666029962792e+00
-4.997449356228264250e+00
-5.093707361192229222e+00
-4.612650944684011378e+00
-5.421882213294865416e+00
-4.845823484934749459e+00
-4.787360011303344542e+00
-4.922335226934123398e+00
-5.307091846239073263e+00
-4.753159033588733706e+00
-4.588276386979921462e+00
-4.904558403369875030e+00
-5.048775540166184683e+00
-5.554145809502585962e+00
-4.745037493047226107e+00
-5.122523186071259005e+00
-5.063207944303186103e+00
-5.005829319580006320e+00
-4.601217371073563100e+00
-4.860871690456637140e+00
-5.213362953010718392e+00
-5.010614411554200842e+00
-4.797228461709837077e+00
-4.565459163825301481e+00
-4.987616268334734926e+00
-5.000866922282193983e+00
-5.392757010381660443e+00
-5.009954502990990655e+00
-4.835283057826685216e+00
-5.030287285398028274e+00
-4.928834197594727407e+00
-4.905452419688731247e+00
-4.922624357039176779e+00
-5.231486826206459995e+00
-5.072446484923939458e+00
-4.869872112854585211e+00
-5.455902893468369541e+00
-4.936597529566771669e+00
-4.953795513061923117e+00
-4.931651038445711066e+00
-5.177940176457071608e+00
-5.055364614593035988e+00
-4.804185719171752744e+00
-4.968025895084085874e+00
-4.911784242394049649e+00
-5.168252582047476729e+00
-4.793206869512601109e+00
-5.311449080856802674e+00
-5.045298423377278851e+00
-4.953772635426462401e+00
-4.946836620080442337e+00
-5.036348197423505368e+00
-4.873912634078848782e+00
-5.098911138618731798e+00
-4.873112829728272644e+00
-5.088913503315382059e+00
-4.880801752613995959e+00
-5.113197491726634958e+00
-4.793682350086716504e+00
-4.786052457131752647e+00
-4.925711608874669523e+00
-4.445633324767532812e+00
-4.995406205688306400e+00
-5.000749826923495789e+00
-4.909070943664579190e+00
-5.050438269196974694e+00
-5.042175648533385512e+00
-4.944008095146464221e+00
-4.806830893949302741e+00
-4.992513592055921379e+00
-4.783331674183564530e+00
-5.238524565513367648e+00
-4.753413920066807741e+00
-5.143897557874160142e+00
-5.085475933230149792e+00
-4.690312100351937907e+00
-4.777354823584119003e+00
-4.518867303980563577e+00
-4.790528739150716753e+00
-5.006324378895711469e+00
-5.133048653479601597e+00
-4.709969019723824424e+00
-5.153419358413592555e+00
-4.986773143263851793e+00
-5.020714537244360898e+00
-4.801558626485336490e+00
-4.801145402463728118e+00
-4.976108327512339891e+00
-4.797149737822322457e+00
-4.794736933126048761e+00
-5.328532564090263435e+00
-4.814717997707409047e+00
-5.318829377371838696e+00
-5.219997267502401783e+00
-4.894943099766593697e+00
-4.988278650134412295e+00
-5.162247305605482950e+00
-4.846198454316454018e+00
-4.883801406041747839e+00
-5.096724304953396789e+00
-5.054503635575755105e+00
-4.887493775339686763e+00
-5.239147821941434913e+00
-4.925999965582287921e+00
-5.129697527947248759e+00
-4.714203500560781634e+00
-4.909077537297725335e+00
-5.102462365732018945e+00
-4.842387823048857953e+00
-4.829835595989576902e+00
-4.793663270562872114e+00
-4.977228106487576298e+00
-5.202674610546923262e+00
