1.460269864150889774e+00
1.747325953744483851e+00
-5.893377353548889808e-01
7.097351023912567003e-01
3.563155989592525330e+00
9.417570985145796714e-01
2.780013013707712588e+00
1.290182818515749785e+00
2.326737659847349260e+00
-1.627489773112451577e-01
1.464207093936304993e+00
2.554720334661638503e+00
3.002584401782202317e+00
1.516016125926342051e+00
6.500269016910653619e-02
3.692547424300096637e-02
1.080331267494281988e+00
2.123249306179190832e+00
-6.130791334347569510e-01
3.084828548473722787e+00
1.672431684828601828e+00
1.919034493177361078e+00
2.534084459750690854e+00
2.249798211088252842e+00
1.231697052736879794e+00
2.546754030710639327e+00
2.129487323262879706e+00
1.755326818236879305e+00
2.306462485920729222e+00
1.566641448866816999e+00
3.450771650527695744e+00
-2.631305849926064422e-01
1.900354679657931145e+00
3.173496382493077306e+00
1.550779410099884847e+00
8.703353598605171326e-01
8.309200949428202643e-01
2.328485589180841586e+00
9.329179966114269362e-01
1.809112612471851511e+00
1.610977461820339185e+00
3.599254662529742799e+00
-2.988887328011144984e-01
1.230850083111962423e+00
1.164513718245961948e+00
1.375867741830069324e+00
1.817122337705471935e+00
7.725335575136760280e-01
1.703584953414102321e+00
1.350204830538435319e+00
3.404151422170471619e-01
2.329115935444677987e+00
1.624201638313540474e+00
1.148541867126749993e+00
3.457020528539346049e+00
7.051666255445514508e-01
7.584757112435618343e-01
3.494301940906630044e-01
1.402533722698949825e+00
1.833800671829445506e+00
5.865928210958197830e-01
-9.147017967326998011e-02
3.197872481481892848e+00
2.283490028024170115e+00
4.412702693211518756e-01
1.343368482650187712e+00
5.093244426513265921e-03
1.684183067964688085e+00
1.926688114597971513e+00
2.076471391933047972e+00
1.557071262654972532e+00
7.776214110176075112e-01
1.077676999915846201e+00
2.067998837859578387e+00
9.715714079492034916e-01
1.089409455041430386e+00
3.004909406297682217e-01
1.266452847404158977e+00
1.701542617365218613e+00
2.137350534677759928e+00
2.165745009576693469e+00
1.748421928151106197e+00
1.457973324390479108e+00
1.938769739691470262e+00
2.382949666366902086e+00
1.473396167631575882e+00
1.876924174422659686e+00
1.275947627443169141e+00
1.420736278246148565e+00
1.475277803076128880e+00
3.629987788042672303e-01
1.120586128963796835e+00
1.604423831703105874e+00
2.309031805088780587e+00
2.314677526830331900e+00
1.683213447270099694e+00
3.087449892666168871e+00
8.474676136336829479e-01
2.724921072070009664e+00
1.006487398225443641e+00
2.277407462762616852e+00
2.430274466972066616e+00
1.882385056306035365e+00
1.286418148576536025e+00
-4.064502301634702608e-01
1.788276100498362720e+00
9.053452362267350173e-01
1.030783841643494236e+00
2.186437817898885250e+00
2.710565692629895107e+00
6.746999794807752027e-01
8.329043501843731434e-01
8.978744867555569220e-01
2.806667515491164444e+00
2.341336401114854304e+00
1.574799654844095231e+00
1.748580252990246331e+00
2.109365590312142658e+00
-3.781646613142086721e-02
2.062006921104336143e+00
2.523894872341486018e+00
2.789079804831489096e+00
1.839655729362790204e+00
3.864294905418119708e+00
1.975003332942413925e+00
1.778221334969383172e+00
1.997361059076026457e+00
-1.175077086147671590e+00
2.369246124938929832e+00
2.104020482847125173e+00
1.342334645596883425e+00
2.367056661896941083e+00
2.673959569497911470e+00
2.218976090767636133e+00
2.017398573030729558e+00
1.918966701252310392e+00
1.481160013967690592e+00
5.233120031142264317e-01
1.455417225789212399e+00
1.842266988197675870e+00
-2.096536154048098677e-01
1.207652047099214920e+00
3.637780094532236053e+00
1.071731117926128629e+00
1.843187144472000938e+00
1.459911635503514882e+00
1.787245339740914929e-01
9.171313566043113319e-01
-8.315904050175948470e-01
1.757835235267715124e+00
2.451643208209898450e+00
1.101389810917800416e+00
1.247138359357921056e+00
3.524958117641342259e+00
9.161194757520632059e-01
2.115384395746036095e+00
1.907753327122543752e+00
1.462025991100668110e+00
2.622200966292196345e+00
2.259808499709773599e+00
1.185789710273523312e+00
9.368166886044897446e-01
1.982718085992753121e+00
2.406200891809004982e+00
4.030379187319428347e-01
7.662122226250333012e-01
2.060536526833196547e+00
4.000258180523459828e+00
1.109810798782156160e+00
2.794145387074506104e+00
7.977842251240878646e-01
2.446680073431918956e+00
3.791883517792051794e-01
1.904648218080503996e+00
8.576351566544885285e-01
9.397848172948470857e-01
1.557921293100976046e+00
2.423947792244638411e-01
4.890819490852966744e-01
2.543303886756814514e+00
1.639427439215736859e+00
1.568486881868711214e+00
2.883797549695675144e+00
1.256865619882672203e+00
1.404004711921245985e+00
-2.789478302024386291e-01
-1.968555983818002009e+00
1.573860940624127069e+00
1.313634494506029204e+00
1.518918243824576519e+00
2.081078613598649873e+00
2.995251247122861393e+00
2.045033837866689019e+00
2.416397156962368786e+00
1.703432733804248755e+00
2.099531262948230115e+00
1.995314857382252782e+00
3.695936109787685719e+00
3.660734732368856825e+00
9.107419030233747659e-01
1.277322905133174036e+00
-1.280153106140928809e-01
2.365961692984382747e+00
1.301113147692050998e+00
1.597577761539196617e+00
1.789820457490525873e+00
1.984087396980127593e+00
2.215272997042739611e+00
7.968404339439068007e-01
-4.567017538706963364e-02
1.240526546706700595e+00
1.987770616375507560e+00
1.604236230076111935e+00
1.935768513154199955e+00
2.347260508765055320e+00
1.374144897722617165e+00
1.480920659522029892e+00
9.997430262617812424e-01
1.805816665112873309e+00
3.370814250530203005e+00
2.553157990105366704e+00
2.219754778632668124e+00
1.821091777678640611e-02
1.538168145706992895e+00
8.652190862064019772e-01
2.823778930086824346e+00
2.181928643341651153e+00
3.369103606786958416e+00
1.399180451101211808e-02
2.462123339155890989e+00
3.909434667315102363e+00
1.817616987978560861e-01
2.747731769065587137e+00
2.685201060050772082e+00
5.228494102412450939e-01
1.992089433655016784e+00
6.848384736264582218e-01
2.388504053955680106e+00
1.202975770036054826e+00
2.877610037186562941e+00
8.896255245004046630e-01
8.896979770849391400e-01
1.006394716447906124e+00
1.032091827132831652e+00
1.866584160605871290e+00
1.850138860099671989e+00
1.569911455194837213e+00
7.992463586512095208e-01
2.563927170786919341e+00
5.901894133283444033e-01
2.995566755511768431e+00
2.071250924490779521e+00
1.652648825015388123e+00
4.455404824505162509e-01
2.239916138018041014e+00
2.852858990861495414e+00
3.701230340734078084e+00
6.501551015465311112e-01
2.902282038552994603e+00
1.112282777731675942e+00
1.836008286500381281e+00
2.445629985340160406e+00
1.340743195747919891e+00
2.617146429165447152e+00
1.060407795349415760e+00
1.079169586037073136e+00
9.766100808430123736e-01
1.239264153997306828e+00
4.001845973495352204e+00
1.842124790436007409e+00
1.742402043007293955e+00
1.405213825823747653e+00
2.511091930523111415e+00
1.640191095970728208e+00
9.727557319580887318e-01
7.724627554223294501e-01
2.474931297197145330e+00
7.768407725316380796e-01
1.790858323310869693e+00
4.832705682857241225e-01
-1.766338648252516741e-01
3.449922863197316225e+00
3.107707375216397061e+00
1.062732326441751640e+00
1.880094511358419318e+00
1.502858860160779741e+00
1.094542775780415145e+00
9.898690547458089961e-01
8.060422749567107692e-01
1.592540652927574518e+00
8.339867345816069921e-01
1.956047102140490601e+00
1.229445593298909234e+00
1.607735956101620234e+00
4.021327897841699084e+00
2.833735244261817332e+00
2.595115438348850390e+00
1.104645889289278315e+00
2.566563081558569159e+00
1.520515227357269294e+00
