4.016056817967264436e+00
5.262304306163533063e+00
5.162286842028219525e+00
4.582635957208239574e+00
4.922173721041375849e+00
4.934704551765474179e+00
5.130146762567953544e+00
6.463870296970807061e+00
5.094695050435491090e+00
5.198070925978227841e+00
4.462149986328256546e+00
4.467613103810375463e+00
4.291884152064336710e+00
4.533705243296404674e+00
4.518980440468983950e+00
4.782076304781823772e+00
4.428356468191189776e+00
5.767296767701207472e+00
4.980004078419768554e+00
5.160393242963894345e+00
5.280163119515031589e+00
5.663845177062395209e+00
4.269685215834514658e+00
4.454934240176124050e+00
4.859691471678783792e+00
5.539242649828851839e+00
5.134906740131170544e+00
5.121729122504469878e+00
5.378152653181826892e+00
5.128191563563992972e+00
4.916305107409722375e+00
5.400945250166468981e+00
4.892327624917943041e+00
5.110570594655531096e+00
4.895708325995134835e+00
5.150396524580607149e+00
4.613886141559257581e+00
4.934502365565362147e+00
4.080780082242555729e+00
5.282774330665631624e+00
4.380016499364342231e+00
4.829109931504071973e+00
4.981362095289802561e+00
5.563983668040155095e+00
5.395410393292149998e+00
4.462835724079224242e+00
5.610764729108098869e+00
4.138823953345980300e+00
4.783063317153933625e+00
5.554898441273687482e+00
4.444981788187709171e+00
5.416095397657782584e+00
4.788774878214158370e+00
4.741597811247946659e+00
6.436677328418677568e+00
4.820040407507994118e+00
4.066496095191546978e+00
5.079772993571087802e+00
4.629092243057209011e+00
4.791834955428059928e+00
4.759758749131323796e+00
5.786427424871981806e+00
4.737904085822107092e+00
4.098135397876884412e+00
4.836109934999581306e+00
4.149350428420723880e+00
4.084327075150786079e+00
5.412019146120156776e+00
5.015625244850118847e+00
5.262202451617612020e+00
5.609989211875139326e+00
4.886746110258705755e+00
4.744450162493504486e+00
4.873771455992362611e+00
3.916654714478259969e+00
4.584861815651610328e+00
4.982090989338463949e+00
5.654084181919667884e+00
4.871515865287077141e+00
6.161946218408919762e+00
4.770549047824122368e+00
5.338255078283408395e+00
5.100186339254303647e+00
5.268591815394592537e+00
5.396811288421719865e+00
5.205219467499056840e+00
5.130619274580681122e+00
4.969368173163301705e+00
5.248480709435731306e+00
4.472742359145257751e+00
6.168000111496954041e+00
4.375104075276612825e+00
5.345102803604541819e+00
4.834041032103597146e+00
5.325340055604199208e+00
5.703346903386688815e+00
5.317433270154296565e+00
4.804827552761103071e+00
4.742294025401186275e+00
4.993648528635992179e+00
4.758436329868653836e+00
4.868215936296579116e+00
5.034153438757274834e+00
3.697136618112651263e+00
5.106662194496435880e+00
4.148070854545095720e+00
5.144530711406908097e+00
5.189514455947247029e+00
5.021574322880878682e+00
5.287293908327547420e+00
4.729050990257015918e+00
4.777457992595102176e+00
5.228562351842363398e+00
5.579144957143986616e+00
4.927367628094885710e+00
4.851518970957187982e+00
5.634908794765691731e+00
5.920389619947233228e+00
5.185938942592194678e+00
5.648932768094721446e+00
4.650486991249106694e+00
4.962931241164338481e+00
4.394744173151861055e+00
4.937309867209765279e+00
4.859884871042159382e+00
5.374628957258051898e+00
4.537741309596497352e+00
4.892627593470043834e+00
4.935775237414586236e+00
4.503549010942484720e+00
6.136931256724055039e+00
5.616752570191144933e+00
5.107442276296781714e+00
4.416865755668595739e+00
5.272528609894020057e+00
5.473260377253406084e+00
4.990697594315871122e+00
4.974300769460593408e+00
5.351237586972978022e+00
4.772514895786055256e+00
5.237788513774347621e+00
5.669017055027133267e+00
4.566092958014675851e+00
5.041161504982571984e+00
5.331117495448519428e+00
4.757994263476941654e+00
5.055511523399244034e+00
4.566027544936998694e+00
5.677704493816881914e+00
4.067395355309415095e+00
4.897622673235461299e+00
5.307290887325912365e+00
5.117466080890208602e+00
5.176057165228095336e+00
4.399954119701605215e+00
5.282704603035229596e+00
5.108266319053498705e+00
5.181569824920643441e+00
5.045613268198358092e+00
5.388697041306008906e+00
5.707454623584877318e+00
4.137656775369186413e+00
4.674774537837658173e+00
4.087802829240138713e+00
3.953977013931512907e+00
4.889592192095933321e+00
4.852136286199067783e+00
5.362317176049240075e+00
5.343671975350275716e+00
5.660110759076649956e+00
5.095657287149138348e+00
4.504313410656939354e+00
5.411706925751944119e+00
4.518036198903555345e+00
4.413286142741950968e+00
4.993243268197753437e+00
4.218226991571431661e+00
4.387760780413866080e+00
4.769561579828937248e+00
5.539424198977317637e+00
4.395082794709129992e+00
4.838203114146760520e+00
5.025197304319043212e+00
4.451650382633810743e+00
4.844984387602647047e+00
4.433370621126996980e+00
5.109390162940226077e+00
4.226989494168911676e+00
4.853749841370493812e+00
4.893299739513151003e+00
4.903101045360132915e+00
5.583277069942639059e+00
5.666543327045785894e+00
3.900600415752255135e+00
4.666239221153102079e+00
5.061520643570023736e+00
4.449722338747283956e+00
5.267447278907342323e+00
4.808083505437961591e+00
5.306701192620016272e+00
5.296578325114343677e+00
5.246786386014302472e+00
5.825675345079389444e+00
5.255212806817151971e+00
4.179545535202308315e+00
4.773352758443429877e+00
5.250607168295622351e+00
4.804205576753215468e+00
5.959948205365679819e+00
4.800122212993732873e+00
4.930007138027083791e+00
4.003716814705253313e+00
5.126325323969701309e+00
4.166197835601936461e+00
5.402021839633667888e+00
5.672091125312165083e+00
5.200920129273684189e+00
4.784007365333938999e+00
4.775832124220825037e+00
5.135881385997693727e+00
5.093805228361652837e+00
4.944341412395016455e+00
5.108970293976284438e+00
4.641502619811715746e+00
5.339230201770193140e+00
4.398215968053242442e+00
4.893432347177060215e+00
4.073390186448743400e+00
4.039308095754289951e+00
4.845336675499135382e+00
5.528102441238691434e+00
4.149444291096537896e+00
6.051749832909598226e+00
3.987718858370646657e+00
5.172645869735402968e+00
4.216782315389732361e+00
5.231032181076609611e+00
5.459902854833589281e+00
4.725826230540323358e+00
4.765356686951212062e+00
5.125737092683159801e+00
5.463811291395262337e+00
4.827217695155767707e+00
5.532382858250626256e+00
4.709393479386840831e+00
5.493922179393324612e+00
5.318060423198104125e+00
4.743505058149255937e+00
4.454416535191142223e+00
5.461799176760781194e+00
4.258962384420383884e+00
4.529869145075331893e+00
4.493633698223431061e+00
4.853610327374321187e+00
5.264415267349472849e+00
4.822156007646178466e+00
4.447926615380191073e+00
4.477804798893719074e+00
4.855962530008270939e+00
5.084428981632846067e+00
5.046494448236135355e+00
5.365287900665951959e+00
4.905401698525900578e+00
4.709966560503231037e+00
4.469239544773151884e+00
4.044310578663790068e+00
4.756989875349013630e+00
4.109277599663099245e+00
4.540763015752786735e+00
3.523581771100162463e+00
5.308569275659859699e+00
4.560463049950490344e+00
5.402907784305797101e+00
4.412782748981518566e+00
4.588197252029811324e+00
5.352631775668868386e+00
5.562783085112104509e+00
5.407109931415734039e+00
4.973574959277039298e+00
5.066715849014676643e+00
4.438281469172759230e+00
4.986158780685122416e+00
4.886094818166967002e+00
4.387452303612323412e+00
4.633075375956660302e+00
4.229114720409373973e+00
5.458259391888416800e+00
5.044125750826009558e+00
5.166952796076084375e+00
4.030704560237730050e+00
5.391983160894243454e+00
4.444954814499209483e+00
5.457617479163607399e+00
6.190785072302659842e+00
4.202484565645292491e+00
5.068610819412498358e+00
4.641615592716758165e+00
4.874231933031997421e+00
3.929448034281714186e+00
4.968529665971892939e+00
