-4.824381467693486414e+00
-4.554206479941743879e+00
-4.844141237842050529e+00
-5.234678444860882962e+00
-5.172054748728782236e+00
-4.968975026447503218e+00
-4.876843126697106179e+00
-4.651825767142420354e+00
-5.048106816672881081e+00
-5.002872266547661262e+00
-5.199203919059924850e+00
-4.999167981479160083e+00
-5.030264839682690337e+00
-5.018402361422248603e+00
-5.088845530689417807e+00
-4.980245430101522430e+00
-4.818365799433405705e+00
-4.959384158361261008e+00
-5.199097662333631575e+00
-5.240081702814042508e+00
-5.133601498208700598e+00
-4.821946325462747929e+00
-4.824812579127052636e+00
-5.199821833087152179e+00
-5.318981352733068491e+00
-4.788934835659651945e+00
-4.794539897620927249e+00
-5.209069980092272623e+00
-5.658208000997943188e+00
-5.194755543208116499e+00
-4.830017425051849500e+00
-5.123427359384633561e+00
-4.741543818111831676e+00
-5.543029831353178949e+00
-4.881385018560526312e+00
-4.796317992192274282e+00
-5.131512178995308204e+00
-4.834358303469728391e+00
-4.720114204698140803e+00
-5.161023401947692157e+00
-5.313547144066571803e+00
-5.212113776079319472e+00
-5.114384937422513211e+00
-5.041879238932452267e+00
-4.664705803192222611e+00
-4.940867085939023795e+00
-4.977258969246135756e+00
-5.099985218450097335e+00
-4.754614595681831979e+00
-5.033459684470912521e+00
-4.939646258985221472e+00
-4.737436718850255524e+00
-4.762731140016551734e+00
-5.138456574138498212e+00
-4.858319991291332407e+00
-4.786557018420041665e+00
-5.301693458658662372e+00
-5.036190006283534970e+00
-5.329169451653424261e+00
-5.302478434460412338e+00
-5.039587568017262598e+00
-4.709319651925524042e+00
-5.090173649157677893e+00
-4.921998756128207475e+00
-4.839456836016129415e+00
-5.152742473288842717e+00
-5.033247317014903466e+00
-4.776701642301560469e+00
-5.362222072535264061e+00
-4.641715877320489625e+00
-4.843294915021531644e+00
-5.096357964952630049e+00
-4.926666659760312150e+00
-5.228327928172903150e+00
-4.882499574991302715e+00
-4.965356883423125645e+00
-4.697820555868451819e+00
-5.106806935377126599e+00
-5.195409105294474195e+00
-5.119114643814466348e+00
-4.987015646631730803e+00
-4.951360766568535077e+00
-5.275917189318555245e+00
-5.113827380195363759e+00
-5.089639035291820157e+00
-5.473453832835011745e+00
-4.943782325388491827e+00
-5.145631739245038361e+00
-5.149323182407560928e+00
-4.783739787813352073e+00
-5.162951967011546017e+00
-4.745425001905918094e+00
-5.282243509492300149e+00
-4.654225478843402541e+00
-4.923291677634287211e+00
-4.982514895247037501e+00
-5.088964157102433106e+00
-5.086639430930340211e+00
-5.148909039459575787e+00
-4.792646280344142085e+00
-4.984914161051892556e+00
-4.881532872410635271e+00
-4.948410201342864134e+00
-5.053107224813876641e+00
-4.880640283288739667e+00
-5.196156379624913946e+00
-4.858681129077358385e+00
-4.865617648876863655e+00
-5.154729398680345298e+00
-5.107663077258913553e+00
-4.956489762236732766e+00
-5.305975628700505986e+00
-4.998367094739159633e+00
-4.942611758551401557e+00
-5.090934225068527219e+00
-4.866514859449492469e+00
-4.962704828377856536e+00
-4.823478362370360095e+00
-4.891238488129479478e+00
-4.762370874913424146e+00
-4.995273746586421204e+00
-4.657099215495914990e+00
-5.012812026070438520e+00
-4.971677274328954788e+00
-5.174187974175445959e+00
-4.704585616383258007e+00
-4.969428999444128969e+00
-4.672476575176107261e+00
-5.102175930462023778e+00
-5.203910902724375731e+00
-4.964379381978355710e+00
-5.279567929375654778e+00
-4.377784653511369584e+00
-5.242334356631693559e+00
-4.905881814815172604e+00
-5.055861462980601573e+00
-4.738286025571851745e+00
-5.155471875096339751e+00
-5.092819374422902001e+00
-5.396960591266395824e+00
-4.823993223471599201e+00
-4.799853089418121499e+00
-5.066743286460158480e+00
-4.930450790647733506e+00
-5.293371294073357269e+00
-4.794208321389581862e+00
-4.913134570152812408e+00
-4.811145617909986960e+00
-5.200427165606883229e+00
-5.152870302915573575e+00
-4.828868049407950558e+00
-5.004979755671226549e+00
-5.270369873727396737e+00
-4.622280629245197225e+00
-4.832637995331197978e+00
-5.262410789548507495e+00
-5.014341499675605718e+00
-4.506981195867184375e+00
-4.911731046212806540e+00
-4.780154177885270528e+00
-4.968465010469931720e+00
-5.013651990762605593e+00
-5.111346084631788855e+00
-5.076783177668600544e+00
-4.699471329400870978e+00
-4.907626597684137337e+00
-4.961489813989294007e+00
-4.913102614920790145e+00
-4.678648940391129329e+00
-4.804128068345463909e+00
-4.736640987351605325e+00
-5.012060390589982539e+00
-5.061250936787749843e+00
-4.829999712082998720e+00
-4.632103464329227371e+00
-4.781458739169861971e+00
-5.033760805500140378e+00
-4.977801605419919895e+00
-4.846278422557717569e+00
-4.733828595208962930e+00
-4.982371329630267631e+00
-5.295798454711256653e+00
-5.097421962509081972e+00
-4.626252422453903890e+00
-4.641659054971198906e+00
-4.980726280217172786e+00
-5.100221089249880713e+00
-5.210479883624896225e+00
-5.143258484908595385e+00
-5.111511245567601947e+00
-4.990972133301339042e+00
-4.646386278032030859e+00
-5.114285662465372084e+00
-5.146380383723666796e+00
-4.999526733545466506e+00
-5.260934683960891256e+00
-5.042785468222037437e+00
-4.986940980520132349e+00
-5.112194342147712511e+00
-4.657998126156372543e+00
-5.197694684988046099e+00
-4.800886754148386615e+00
-4.958748922686775806e+00
-5.162120354144442480e+00
-4.966332560863524037e+00
-5.024465489116504813e+00
-5.424489995093362715e+00
-4.942318882182260786e+00
-5.113854329110664843e+00
-4.887346675495609638e+00
-5.219781881341942764e+00
-5.173889549706482960e+00
-5.012859026738878399e+00
-5.112878341705820340e+00
-5.160671684044031871e+00
-5.103231757432071802e+00
-5.076746179932547953e+00
-4.944874844849035611e+00
-5.183137707032255292e+00
-4.800178580037581355e+00
-4.838106843537409496e+00
-5.026005541689289480e+00
-4.951235929414161241e+00
-4.799040547611340912e+00
-5.443095886611726719e+00
-4.799154536385779046e+00
-5.009213424408189397e+00
-4.784756881469755641e+00
-5.224739286135003269e+00
-5.036554480394839217e+00
-4.967003807798167969e+00
-5.471760164045643471e+00
-4.709447713587673334e+00
-4.819585928526317176e+00
-4.634383251169027496e+00
-4.769554082521103133e+00
-5.318004099408130791e+00
-5.130430512845836510e+00
-4.964410129941138727e+00
-4.831414906519185593e+00
-4.661509297413209296e+00
-4.969529265701297938e+00
-4.886289213619379623e+00
-5.202288358630424270e+00
-4.884482935427335804e+00
-4.897596027807158414e+00
-5.079072278431101317e+00
-5.284259063178268434e+00
-4.920914776238468846e+00
-5.026808207606277001e+00
-4.959508265939962079e+00
-4.794061548012507501e+00
-5.100139652998833206e+00
-5.083821816264737947e+00
-4.743910960991643222e+00
-5.164860604202433869e+00
-5.247950122505064208e+00
-4.724546357531563601e+00
-5.173530300021881523e+00
-4.713967012411619528e+00
-5.193072761340450150e+00
-5.062671946266519285e+00
-5.117478054961995149e+00
-4.815433080056518378e+00
-5.153098286960441143e+00
-4.977369750680495919e+00
-4.905558977019287781e+00
-5.056545267291350676e+00
-4.710541088409509136e+00
-4.727459700306678947e+00
-4.978803084570427195e+00
-5.308732348322859451e+00
-4.917996376088858312e+00
-5.146522575341828443e+00
-5.246306749534843661e+00
-4.997757320709440343e+00
-5.337377761783341334e+00
-5.111968957859524210e+00
-4.776464839003819129e+00
-4.720869552788888868e+00
-4.885003871686383725e+00
-5.177383481678596411e+00
-4.668611919244769481e+00
-5.181869212027838678e+00
-4.832416317263366068e+00
-4.648300575194066475e+00
-5.109156976158676144e+00
-4.999457778195912638e+00
-5.338154092125598993e+00
-4.625587677704421807e+00
-4.857078914768067079e+00
-4.942496138367589609e+00
-4.907904087396513404e+00
-4.981748798928469668e+00
-4.841481580592120082e+00
-4.920768836111797384e+00
-4.495946350703881045e+00
-5.329025617009932603e+00
-4.897657189868278138e+00
-4.963333900328943393e+00
