4.166999973719477168e+00
1.245669098654468243e+01
1.677972756404332855e-01
2.564931627931808578e+01
-1.731720693043940074e+01
3.763017178427723763e+00
2.078974422283494761e+01
1.342398592722494399e+00
4.328138685835030586e+00
-5.823028462907339886e+00
-3.073609914814959865e+01
-2.195091516540274235e+00
3.700968467299147413e+00
-4.783384920909112381e+00
2.198899669550432812e+00
2.616723085282051997e+01
-1.468676870286896907e+01
-1.944401084631500254e+01
-8.726691008844188246e+00
4.894663783635336607e+00
-7.476314961401572035e+00
-7.123219855290370717e+00
7.076143222293834967e+00
7.370369045469322700e+00
-2.477937786402134890e+01
2.835670430985591128e+00
-8.881409581674480913e-01
-1.593440767420426951e+01
1.394410309562215566e+00
9.988434307467180417e+00
3.505301832181663801e+00
-8.442924564889093375e+00
-1.155366842210174383e+00
1.769841829197091432e+00
1.756354590667229232e+01
-8.217335365017756743e+00
-1.143110154690095470e+01
1.339190431506782275e+01
-4.533963295599861887e+00
1.500649771039209490e+01
2.562463794889819457e+00
-6.300092740766643828e+00
3.425650491272240306e+00
-4.147252729830438689e+00
-1.119057688161078090e+01
-2.628956687970354622e+01
4.005686325323007502e+00
-8.474890373846706737e+00
3.047050323721616660e+00
-1.083128623553828263e+01
1.908547481088185904e+01
4.095980045806688175e+00
-5.820748201138076894e+00
-6.649378210683329904e+00
-3.171435788639953124e+00
-1.066378948761738776e+01
-1.520722418205634874e+01
-1.029434562486846261e+01
3.236523455889823986e-02
-2.112905283279238766e+00
1.788874301962195545e+01
-1.310481646981451576e+01
7.786569883965742456e+00
5.733767942145695073e+00
-2.605632210904744728e-01
6.849827175353071951e+00
8.491045237288187053e+00
-9.471959454140534973e+00
-1.888060974673901171e+01
3.024553204379655913e+00
-1.558016820584711581e+01
-2.440082320543096372e+00
-1.073352777863317797e+01
1.953122210001381642e+00
8.421549107757896335e-01
1.283737815906423840e+01
6.301682608930598839e-01
6.926537211977348285e+00
1.119209441080404055e+01
-2.476752537686144962e+01
-2.625206522649591978e+00
-9.874877196640584387e+00
-1.749815592389633689e+00
-5.873199342343697005e+00
-1.528216899400872286e+01
7.227779597393279687e+00
2.237050275558042500e+01
-1.650492894074503614e+00
-3.824032593334834473e+00
-5.093470258787014870e+00
1.768592098935612422e-01
3.986252795596461618e-01
-3.087866733069785763e+00
-1.459014509122002679e+01
-1.656773178587198103e+01
1.256683468744687282e+01
-2.236418887580231107e+00
-2.825209499636058386e+00
4.124925484289788002e+00
-2.771632827931080811e+01
1.029425883751888549e+01
1.135613807175175127e+00
-1.679811006004139884e+01
2.269082792058926490e+00
1.749407328672770490e+01
1.379200132893380371e+01
1.145458806263098772e+01
7.765813467275184401e+00
-1.604712294993485244e+01
4.002748193372770658e+00
-5.667403373173658387e+00
-4.670040521846035908e+00
1.911068828180489676e-01
-1.376683391432251602e+00
2.419394777626198145e+00
-6.978145904747744765e+00
-2.248880102809005965e+00
-4.143827528277329364e+00
1.981289618471164005e+01
-4.633524126701354717e+00
2.126491255376127487e+00
1.974517907042530052e+00
-2.610718803179268743e+00
5.986066793334607006e+00
2.268192746321899822e+00
7.683411930153608793e+00
1.656339208186820899e+00
-4.807763330014285796e-01
4.119004808098816639e+00
7.596557064775277368e+00
8.817119907636390863e+00
6.695083929039522985e+00
1.370678404268055672e+01
5.316015406454386749e+00
-6.781366514107409316e+00
-2.073876810282550665e+00
1.874765065657556562e+01
-1.164327485190234768e+01
2.112008203711987520e+01
9.174898697737624786e+00
-1.737197024435968373e+01
-9.053375850013786419e+00
-3.751302164727241095e+00
-3.805224393160452356e-01
-9.677536479262995428e+00
2.305160531539628632e+00
1.501303269425630482e+01
8.362038997774494220e+00
-1.991519911117025421e+00
-1.721587630378771649e+01
1.591177803286248960e+01
-1.764892321472026282e+01
-1.819473807639497664e+01
-8.211486292068489234e+00
4.693764392039504685e+00
-2.871637402031424813e+00
7.767942225085421093e+00
-8.286169171846395898e+00
2.543703291601453031e+00
-7.980851070030409389e+00
1.268163298053893584e+01
-1.585281425044671444e+01
-3.763766639833612260e+00
6.476713641459306281e+00
6.919878238128038817e+00
9.193047554285627143e+00
2.136878772663921122e+00
-1.649753224335753288e+01
9.607017906807804764e+00
3.700455485103827158e+00
-3.051469328859178098e+00
-8.876820465889485590e+00
4.434307173021620585e+00
1.136290115685556223e+01
-5.435269858359966122e+00
2.120225726160129387e+00
-3.815428629318371012e+00
5.198250178345973360e+00
6.750882692089133386e+00
3.815289130209539303e-01
-6.860992718471883300e+00
-1.052790825794147977e+01
5.434557075101320578e+00
1.856666866141602057e+01
7.840310517533824353e+00
-1.011016321470883383e+01
-5.957278238208949972e+00
7.845609904204574603e-01
-4.317721640933701366e+00
2.064508019594821064e+01
1.512040796597555214e+01
3.336257585250626789e+01
7.716365234860129263e+00
-3.111936245796925071e+00
-7.955786396146412365e+00
-1.755106056376505208e+01
-3.715254420583048223e+00
6.824045619752655334e+00
3.190054904623505827e+00
3.500621378776259895e+00
3.785067705442943353e+00
-3.670491973609100178e+00
3.098801193785976515e+00
1.481463726882475918e+01
-5.507417418889314575e+00
6.965134426567233916e+00
1.697089281633492774e+01
-4.825170065054877000e+00
1.782169857582143413e+00
2.962622440660299894e+00
-4.494161623018340990e+00
-2.594627167526680100e+00
1.401383816063246579e+00
4.823959813905704053e+00
-6.787641740916278144e-02
7.701526713275622882e+00
-1.901381079587825873e+00
-2.070384906669711711e+01
1.086139078260890578e+01
1.891215385740778299e+00
1.376327824781491316e+01
-3.708985925067167511e-01
1.108091392414093868e+01
1.831723608289327121e+00
1.522847751710677322e+01
-3.090499103212697829e+00
1.158263468862548606e+01
1.108730933829120602e+01
1.296299686617034652e+00
-2.105558480508425134e+01
5.257199527809289563e+00
-9.599085522215584643e-01
1.034284255635881777e+01
-4.192223542030121486e+00
-8.839774092505249259e-01
-1.599901564100554907e+01
-3.292272941068450809e+00
1.480837385977425669e+01
2.256152203007985690e+01
-1.361155809471988609e-01
9.707011459611873505e+00
-4.202965539638771730e+00
-6.867756203195377829e+00
8.312025989239788970e+00
1.437536731133750756e+01
1.360245680832736959e+01
-1.024712127880673762e+01
-3.338947076239903833e+00
-9.828741487210685079e+00
1.058701251262808718e+01
-9.978612518174699630e+00
3.012841807226200430e+00
9.741335610315893234e+00
-1.122281188276231845e+01
5.676446837236356124e+00
7.238233567292814641e+00
5.130883083598890337e+00
1.674951754538610516e+01
-1.603261703034710806e+01
4.483983027476753591e+00
1.773721949929734976e+01
7.059643943536078936e+00
1.231912372716631943e+01
5.691001361269465875e+00
-2.060417330701989513e+01
-1.547129327682191580e+00
3.271784915245076419e+00
-1.214183369036849314e+01
-1.161566686729902287e+01
1.825174888507781290e+01
-1.268886736088215983e+01
-1.686029884789923372e+01
5.264665734802767005e-01
-1.533521476750761536e+01
1.183628185267693667e+01
6.682179435232541209e+00
5.070013005540210393e+00
8.041154032675278174e+00
2.075339009609021179e+00
1.796329207189327448e+01
4.506176997311920340e-01
3.245480962820251669e+00
-1.585216832314081437e+01
5.194863493688874456e+00
1.256476713910663179e+01
5.444288479056651475e+00
5.479883667222534172e+00
5.984861567610374244e+00
1.699100614907776929e+01
-5.762703890662931983e+00
-2.343080114996638041e+00
7.878357724539664098e+00
-1.110389531674642427e+01
1.090872995229591780e+01
-6.472321460604728571e+00
1.253467817434541764e+01
-1.757260337190355060e+01
-2.465859356142469760e+00
7.097725293837948257e+00
-5.136625249796739290e+00
