-6.063365502294469245e+00
-4.507834673696738292e+00
-3.289479416844685922e+00
2.387099224351041382e-01
-2.038227754549998938e+00
-1.800016681931989382e+00
3.604218192074825744e+00
-1.991747144033971795e+00
-2.108680401388147718e+00
-2.880682687105575734e+00
-4.545720491669158037e+00
-9.647551961324651870e-01
-3.012917704918439021e+00
-3.474592121245822174e+00
2.874354719618718690e+00
-4.972783198752410705e+00
4.888426506765162216e+00
-2.941889872096123959e+00
-1.158478942624066477e+00
-4.604596487785100223e+00
3.356552326584629764e-01
-7.084465215687507644e-02
3.855000548466031240e+00
1.493274001935614326e+00
5.310931135576146822e-01
-4.204980850487078925e+00
-1.586034836754590449e+00
-1.000941232066359543e+00
6.289850006031665330e+00
-2.087917591204134560e+00
-8.196122823037469418e-01
-2.950021430331508210e+00
1.638613161538253760e+00
-2.615585284641826824e+00
-1.601111658225556456e+00
-6.031329450029735639e+00
-4.087146465043731247e+00
-1.755917482335494384e+00
3.849746250421759441e-01
-5.726237545321321676e+00
2.136391538530162393e-01
-9.502334498434029442e+00
-1.136480080050217278e+00
-4.404299988211118233e+00
2.741283206090853852e+00
5.764670120930180275e+00
-3.931300713909859912e+00
-1.170976349441704034e+00
3.446253416435115291e+00
-4.522051271851582399e+00
-6.983925947740867279e+00
-1.184878394927001644e+01
-8.045969682976961579e+00
-8.584048028417095466e+00
-3.973577771832174754e+00
6.511749034806415537e-01
-3.606137262358061424e+00
-4.750646663178363482e+00
-7.427048337194572802e-01
5.310628463632279583e+00
-1.747196059861658934e+00
3.072434725431926417e+00
3.656306298646958552e-01
2.185912275533368643e+00
2.230797145271683046e+00
-2.356769328597458468e+00
-2.992782494150095118e+00
-1.502519499167758399e+00
3.644746210088605221e-01
-1.632694419347586745e+00
-1.072955063035812096e+01
3.374700389311290571e+00
-6.047211265309030637e+00
-8.359240570935035919e+00
4.736123909788054753e+00
-2.764260319541262056e+00
1.228827857039239024e+00
2.055359395616605411e+00
-3.403012965628463782e+00
-2.252674610819052070e-01
-3.390063151598897040e+00
7.225397828449729332e+00
-2.064950990102207840e+00
-8.998520842638264572e-01
-9.416815495053154628e-02
-1.922600046350619873e-01
-1.758676909211565054e+00
3.750244297886742295e-01
1.635408915174753286e+00
2.870983468852488230e+00
-3.527640635348974207e-01
1.138364352006159930e+00
-1.106898661935203698e+00
3.780836818571803981e+00
1.015681208900403920e+00
3.391190682127038780e-01
-4.924360677930570418e-01
8.298124287293013879e-01
7.452962542155239234e-02
-2.927456198190151682e+00
3.861266160274528403e+00
-8.036833232890735479e-01
1.934913576009383185e+00
-1.079916217648233534e-01
-2.946057788524529819e+00
1.785484260994310901e+00
-6.200692285005530380e+00
-4.571846761359301681e+00
-7.117830472239741191e-01
5.030813120433210273e+00
2.035535233149929013e+00
-4.054797036762906259e+00
1.174243965392078870e+00
-4.888685341261894024e+00
-8.239675513269795193e-01
-1.224188185428742859e+00
-3.348775922417124740e+00
-6.805597141756458690e+00
-1.657375026973262777e+00
-4.370202678362453685e-01
-3.255495444919986436e+00
6.561010354188363536e+00
1.257867470118729347e+00
-3.004747954507617447e+00
-6.204531737961177518e-01
-6.518161391929563564e+00
-4.353487179431346554e+00
-4.587663557931950464e+00
-3.321389087357517589e+00
8.886678053146330747e-01
-1.799389546894411218e+00
-7.749015065885611619e-02
1.688440902351901585e+00
2.639670518598382642e+00
6.038179861847994268e-01
-1.980501920015549366e+00
-3.866525661412699488e+00
2.494795483915440926e+00
5.277843547953682268e-01
-7.404186260906930883e+00
-8.059625421227789133e+00
3.823473735118241734e+00
4.729626175353590867e+00
-1.679212258473407049e+00
4.478224559829492080e+00
1.787162028116168422e+00
-5.956962988061521358e+00
-8.065897540915979436e-01
-1.251807122297419195e+00
2.311235582736698380e+00
-3.992990346146750191e+00
-1.116342209687283704e+00
-8.045170188404778600e+00
-6.593330914350722161e+00
-3.245997693839516085e+00
-3.791703807203474774e+00
4.945883630367176043e-01
1.726419833424916561e+00
-2.217815072206756000e+00
1.517710085233888506e+00
-1.137302766820555533e+01
5.501705996688011524e+00
-2.221536111603288788e+00
-1.223910600192241960e+00
-2.947453961642614306e+00
5.140605795886858509e+00
-1.457928552917604703e+00
-1.429498467762095215e+00
-5.095980247525937479e+00
-1.946574560449555680e+00
1.949101522701039979e+00
-1.961643402699869920e+00
1.788284397555831351e+00
-2.344036610563640544e+00
-2.670187943336279623e+00
-3.688513342001176198e+00
-2.916787645331102574e+00
4.736949084007588517e+00
-1.561137385197045591e+00
1.163230306309802398e+00
3.675150539469626665e+00
-5.409473526787175857e+00
-1.684924352689299853e+00
-5.748237490243367276e+00
4.039876860933109270e+00
-6.534953198804883456e+00
5.640266239721758446e-02
-1.738921026882147336e+00
8.354877672573732816e-01
-6.129046520343299775e+00
3.804506223638037810e-03
-5.772860413047280481e+00
7.963413918686668147e-01
3.210219729149654810e+00
-9.761005719521760327e+00
-7.440023850511477299e+00
-4.540567448249002158e-01
-9.547977796303747766e+00
-9.012172677056659031e-01
-2.181263516925596946e+00
-3.805710439005201451e+00
-2.276137484949132705e+00
5.794890588257144870e+00
-2.109072483240806761e+00
1.433391829699175890e+00
5.153306865077640353e+00
-7.088516794910673102e-01
-1.071099450676542908e+01
3.846795461718205189e+00
-2.689974624309935169e+00
-1.078411552915817495e+01
5.223267608824468944e+00
5.689146632888639310e+00
-1.260299974026119818e+00
-1.400028401406346878e+00
-8.680566304590389137e+00
1.731812727254104622e+00
-8.680133237336944418e+00
-5.776043229999213935e+00
1.039394998908678147e+00
4.921990830473224054e-01
-5.857386282023554713e+00
-6.511489321743293424e-01
1.064764669127339136e+00
9.885717924375665433e-01
6.493396051456263862e+00
3.092204422490334892e+00
-4.396828404868067253e+00
-1.541511164275389589e+00
-4.676422730879327361e+00
1.871002044190561264e+00
-2.110014034955395079e+00
-1.214119335082881612e-01
-6.140041506881439126e+00
-2.167486386611074067e+00
6.751806115344040293e+00
-8.505868909117978660e+00
6.255586633166290156e-01
-1.058468116223712485e+01
-3.052214870070512731e+00
4.509516355096542917e+00
1.656773409916381112e+00
4.853658539172915898e-01
4.121226720911529640e+00
3.465929918602358661e+00
-5.422083126085234461e+00
-1.929170323100297679e-01
-1.665018229456388665e+00
-3.149293299409498648e+00
-1.232682129527071524e+01
-1.067721115215529792e+01
-6.642668814033370950e+00
-3.750680689526393774e+00
1.760015529841822968e+00
3.681913743911694681e+00
-2.231221788255242533e+00
8.644171857240978696e-03
-2.142249773219664810e+00
-3.395367619513601554e+00
2.030736060299502821e+00
3.864527291362048089e+00
-2.997216583460822203e+00
-2.353080650050121125e-01
6.907209998125360961e-01
1.912106543918417501e+00
4.126228012668116119e-01
-1.945053352503531841e+00
1.056007252010760844e+00
1.223535881986037577e+00
-7.412558534163618873e+00
7.086352736849340417e+00
-8.505888366680103729e+00
-5.933362955323441490e+00
-1.921748627998612902e+00
-3.579852429406369385e+00
4.588520909656489621e+00
-7.165966160012176900e+00
3.173217252395326149e-01
2.193165683614505479e+00
4.052072131765670271e+00
2.690210869821498818e+00
-2.616275362591158782e+00
-8.107348686671038251e+00
2.232285433093482041e+00
-4.924814213386563111e+00
-2.024638796732450174e+00
6.542524824780501902e+00
-4.692109451570892098e+00
5.845016658365018714e-01
-6.464513056967605031e+00
-3.877915973451820708e+00
-7.272165587122524144e+00
-2.263631042236773805e+00
-8.923841474320781675e-01
-3.308818926729512278e+00
-9.201477955489645311e-01
-3.020841721907718380e+00
-7.403835041838034314e+00
-7.227463757255363497e+00
1.128770688062119554e+00
