-2.124164958401181025e+01
-1.797937170626350323e+01
-1.843260137189262338e+01
-1.780843284330559939e+01
-1.701062468415252127e+01
-1.810953586318284536e+01
-1.531369734997193888e+01
-1.993901822112299982e+01
-2.008840206413695029e+01
-1.728631457626622492e+01
-1.777141939547215088e+01
-1.563251444852789440e+01
-1.965672728137962366e+01
-1.630139507759403017e+01
-1.401240765217647954e+01
-1.519203296108585377e+01
-2.031518931034035447e+01
-1.835259663200973534e+01
-1.671319766864846912e+01
-1.678136843621874874e+01
-1.940743315431402038e+01
-1.704403922584423370e+01
-1.901506270797741394e+01
-2.185578883790365268e+01
-1.789265705372695336e+01
-1.654928699274304904e+01
-1.581381598878836314e+01
-2.042570421872114039e+01
-1.750919347601498899e+01
-1.755493121980022764e+01
-1.630736707123960016e+01
-1.894001726549818798e+01
-1.522164216662751102e+01
-1.815887272137416986e+01
-1.514557009725806047e+01
-1.927566659257303527e+01
-1.249309156748524430e+01
-1.976129928900250832e+01
-1.865000260296023171e+01
-1.443214665395216301e+01
-2.190739225598571593e+01
-1.962042288593391248e+01
-1.812290682426919020e+01
-1.766652433244697207e+01
-1.537627020091524166e+01
-1.613510096554275108e+01
-1.672207718494236062e+01
-1.875097194833060854e+01
-1.555444505986366543e+01
-1.796018556556650125e+01
-2.186888366966798358e+01
-1.591888332226334946e+01
-2.217075920582199089e+01
-1.821209242340762557e+01
-1.671494917052186580e+01
-2.005295755944416669e+01
-2.115338832594281371e+01
-1.711547954980719055e+01
-1.732596159235241373e+01
-1.812199889704509204e+01
-1.622101854775342034e+01
-1.822734709702768541e+01
-1.767641035771373481e+01
-1.708025850138742285e+01
-1.988898295803923588e+01
-1.727188514388003071e+01
-1.796125645839805429e+01
-1.978459579799154255e+01
-1.456218606526719839e+01
-1.596938517109580502e+01
-1.975964128182053159e+01
-1.773847988034970768e+01
-1.890849332465188581e+01
-1.722939839300480003e+01
-1.739299699749867045e+01
-1.875269702527699778e+01
-2.178623299669696678e+01
-1.886090193999783082e+01
-1.729283303217814804e+01
-1.828089004839935683e+01
-1.641063237538334718e+01
-1.793023730219882239e+01
-1.938258897325797392e+01
-2.052587941534842741e+01
-1.589083301573099405e+01
-1.800189844332373923e+01
-1.835045343175881882e+01
-1.844293441809492151e+01
-1.641109065200467043e+01
-1.616203571020088958e+01
-1.583223621426320804e+01
-1.796571212007816243e+01
-2.101104631869246475e+01
-1.872937065690414116e+01
-1.547727282762150480e+01
-1.671194831830105443e+01
-1.946938314859538721e+01
-1.816579767627802866e+01
-1.547381954295220474e+01
-1.745685926844630487e+01
2.682729657092371411e+01
3.318073893067805358e+01
2.339818275345304954e+01
2.395460757396487494e+01
2.526274522937224987e+01
2.070210854056813687e+01
3.008669053265949955e+01
2.315707846760832922e+01
2.384402990292969449e+01
2.469598156077047690e+01
2.684935394501071215e+01
3.211477823468798221e+01
1.956304873352492990e+01
3.169158803436286576e+01
2.274820445092517929e+01
2.898150908840949924e+01
2.624010846756366533e+01
3.021747917041256670e+01
2.841901020183814452e+01
1.875735363603091344e+01
2.997084843824730882e+01
2.736107703222665322e+01
3.161275642198879510e+01
2.366337142664059812e+01
2.378970965450579200e+01
2.235170839882970029e+01
2.637238956286997649e+01
2.455552370893084557e+01
2.324592974512363952e+01
1.131488136935085365e+01
2.302331890780087775e+01
1.187511351428926609e+01
1.680815454493464500e+01
2.071931134681681641e+01
1.588996400538708009e+01
1.860727324927928805e+01
2.146547620935747602e+01
2.955129081283809001e+01
2.783124347345527738e+01
2.644358003051128492e+01
2.357002184626926322e+01
2.431635580721255607e+01
3.827351605443072913e+01
2.044333500441194218e+01
3.014883765333307508e+01
2.675241687663143964e+01
3.316023824951869869e+01
2.419214390645804258e+01
1.696378066499409698e+01
1.246618597325273292e+01
2.478946405577801926e+01
2.629052678506304730e+01
1.580635897357119468e+01
2.413023959198788049e+01
3.602267678274667162e+01
2.617953195935208655e+01
1.969098542064254787e+01
2.615687849106990015e+01
2.806197917421048160e+01
3.164603881314216238e+01
2.407067724126794772e+01
2.586742174783631398e+01
3.213414959109066871e+01
3.483370171277089611e+01
3.275850474534817636e+01
2.204655081816308382e+01
2.870021710255963399e+01
2.870427493333802715e+01
1.901373116650072248e+01
3.331186509509748106e+01
3.139804476189040372e+01
2.683920793217512468e+01
2.962614839254614196e+01
2.622346460119169009e+01
1.690027426646233266e+01
2.014040010999287844e+01
1.962090675709251286e+01
3.327587397268386837e+01
2.458155152969414914e+01
3.221384231457269465e+01
3.297858221021823510e+01
2.308398778690163766e+01
1.862748396848628829e+01
1.934109156885610048e+01
1.886799369122476833e+01
2.400537652785237697e+01
1.758352488712084849e+01
2.633791244814651478e+01
1.597781714029474465e+01
1.458313772716478063e+01
3.149411985477989262e+01
2.299189830577437021e+01
1.375259388315676290e+01
2.664817284931758934e+01
2.830441303280930754e+01
2.262897299544778207e+01
2.335457553609692383e+01
2.755743340137458475e+01
2.848135365697374866e+01
2.816807629018302350e+01
2.301046372411769170e+01
2.532364210198437959e+01
2.183714632969519798e+01
2.767946140348933781e+01
1.794994502980698670e+01
2.711103738797113039e+01
2.195529809613229943e+01
2.560255352175958521e+01
3.378761687102935696e+01
2.874984745111328976e+01
2.673024435840133961e+01
2.557843444057109039e+01
2.421774605337965625e+01
1.759076928801529149e+01
2.598943908717764018e+01
3.220861890723612220e+01
2.490466762177756621e+01
2.646348417399153163e+01
2.589067267646144543e+01
2.338737113342381591e+01
2.469310657248495033e+01
2.803121861696869743e+01
1.420747794927989105e+01
2.464393893306166561e+01
2.341617738536819004e+01
3.415607948085438750e+01
1.634431974544576605e+01
2.780341444863987022e+01
2.782564216268976054e+01
2.857852277161227761e+01
1.521224267920629991e+01
1.934278986626291186e+01
2.404960663647538155e+01
2.091995827558250198e+01
2.239421178371219767e+01
2.704616758700561263e+01
2.844752692364583169e+01
3.068387497255755747e+01
1.790978563152183511e+01
1.566247867431204632e+01
3.141878733810536062e+01
2.235938759258759490e+01
4.146791872627871811e+01
3.559712873285526058e+01
1.453682063333721075e+01
2.755987088669036922e+01
2.372496951297709344e+01
2.438141915776385460e+01
1.961503319290777725e+01
2.759136183626681671e+01
2.894609592449383584e+01
2.632246134721021846e+01
2.700692401362204009e+01
2.409283986267544009e+01
1.649637728038811701e+01
1.382556869994206394e+01
2.937041987846846069e+01
2.386919716466334762e+01
2.877999877014771712e+01
2.660087881463925896e+01
1.681918444636808374e+01
1.975785448794652055e+01
2.832106297690840435e+01
3.282948072271369711e+01
2.715927492963648504e+01
2.363154644689459261e+01
2.029953787344700444e+01
2.385854939877011915e+01
1.419998535363512460e+01
2.658046677777196720e+01
2.606063566707435442e+01
2.252379190739410220e+01
1.725734553627444257e+01
2.909150281610508770e+01
2.113874511688766233e+01
2.106545903720628132e+01
3.258900499750377833e+01
2.727053044136614801e+01
2.158945170091602606e+01
3.147190965805890528e+01
3.152129428049985194e+01
2.640913685733130833e+01
2.522618385389008111e+01
2.872593527442128192e+01
3.057156164345674654e+01
2.294991255910448302e+01
2.191413374653624757e+01
3.297846277123099412e+01
3.235188981214044901e+01
2.039673794376361116e+01
3.070582972586726811e+01
2.497673292714315707e+01
1.946955145399000386e+01
2.042605491952215147e+01
2.491240625317491464e+01
2.246326326491912795e+01
2.644967233513358451e+01
2.598609311891937068e+01
3.170587273296907682e+01
3.367881379980578060e+01
2.865543825216761320e+01
2.101219484919980829e+01
2.554091952876863658e+01
1.744367661949027593e+01
2.227007164299673292e+01
2.447241730591264641e+01
2.247858156733725821e+01
2.308207226703591530e+01
1.995189263535563029e+01
2.899454520839082861e+01
2.582786345554653096e+01
2.148217706677685612e+01
2.423926819988937353e+01
2.841536623372444836e+01
2.686613827509534147e+01
2.596223990620389088e+01
3.153132061103750061e+01
2.455819174109568337e+01
1.711555882010925700e+01
2.637485587145324928e+01
1.562832790224101132e+01
2.804116532205802059e+01
2.395777052205103885e+01
1.982871589468287965e+01
3.862029192889733054e+01
3.631589034028205276e+01
2.662456611024346032e+01
2.530716836031673722e+01
2.981960541314355950e+01
1.991231015240342828e+01
2.414917761340037217e+01
2.451235225417855901e+01
2.964704657280773858e+01
2.346783337612105669e+01
2.572243147587074574e+01
2.654703193126172778e+01
1.966353725683972442e+01
2.112593368171118158e+01
3.173260890743934581e+01
1.534380896832826302e+01
3.423074358582342569e+01
2.883420653798894051e+01
2.219817891860232351e+01
2.852814343553176002e+01
2.819869695092042505e+01
2.436225251053042840e+01
2.486827111405358792e+01
2.093372265943366983e+01
2.452107301471471246e+01
2.356087794541916836e+01
3.168074400590183259e+01
2.321258577138579682e+01
2.951416597642613127e+01
2.531882023138969728e+01
2.457444791291848318e+01
2.528307168987495857e+01
2.505201379792770666e+01
3.231327420582739762e+01
1.859300706124886204e+01
3.063555797517584978e+01
3.077398747553238678e+01
1.412975200136877518e+01
2.100678842713060845e+01
2.658374988386577087e+01
3.211906164440132017e+01
2.685578925928621530e+01
2.139879658685303809e+01
2.046738426801285016e+01
1.720008238481818452e+01
2.204836962447838999e+01
1.766942831687840609e+01
1.923517223184491698e+01
3.236963326188469381e+01
2.320990932909805338e+01
3.056358652325382863e+01
3.424961203747697169e+01
2.478832476253597505e+01
2.210542453566525012e+01
2.370421376087863052e+01
2.540632309391688537e+01
2.832730236436118076e+01
2.825422621746834650e+01
2.837766358542869938e+01
2.950302266506911764e+01
2.571688939537109064e+01
2.932428074137838792e+01
2.240632203621400365e+01
2.226158721319560740e+01
1.509205713029216867e+01
2.863589880506883745e+01
2.759067393846141769e+01
1.559344729655102668e+01
2.692342036583156073e+01
2.786194953613297187e+01
2.030908198208222970e+01
2.155720001686530196e+01
2.540804877140610429e+01
3.053445109843621452e+01
2.415146610106261349e+01
2.045215602185563597e+01
2.616191724242234429e+01
2.369155971586733145e+01
2.915740975146351133e+01
1.781667158340599855e+01
2.320016989102868621e+01
2.774631021902700923e+01
2.869516521134221421e+01
1.825926603755676325e+01
2.771284150884284969e+01
1.657784243810174019e+01
2.648485764585056046e+01
2.731544240105343135e+01
2.267492129610362639e+01
1.864110872141259279e+01
1.712184395781416413e+01
3.155062783507966628e+01
2.356269879958681557e+01
2.125891260511498615e+01
2.516108648382024171e+01
2.243185497358199143e+01
2.951714560476153792e+01
2.224693382058401525e+01
2.563685293375622010e+01
2.443424394858983817e+01
2.443540162820935890e+01
2.193590288442349134e+01
2.528896275683104733e+01
3.064203145929267436e+01
1.734109155922696033e+01
2.158936671470169344e+01
2.662198742758164727e+01
3.183721117973651360e+01
3.431218516169241184e+01
2.514989165187612130e+01
2.387084206646613893e+01
1.697864342620287204e+01
2.239088846856291326e+01
1.920072591220566238e+01
2.403301370149107186e+01
2.987996883521379488e+01
2.349603849472160277e+01
2.496712291824979957e+01
3.350239828404831144e+01
3.386082959607323062e+01
2.332977104458988293e+01
2.401883600008061848e+01
1.947781033831635966e+01
2.725049547420277207e+01
2.554065977043140734e+01
2.323673624515664571e+01
2.128374376751540353e+01
2.211159174850160625e+01
2.355568104586150469e+01
3.479844905408346989e+01
2.612648025992210776e+01
2.401316909303982072e+01
2.764104730411296984e+01
2.583292950985652681e+01
1.654596045561057593e+01
2.458624468077029590e+01
2.368148179821838895e+01
2.850517090568994760e+01
2.900863564347584145e+01
3.245108303781422165e+01
3.115056778946640748e+01
2.827166951808521134e+01
1.705178440354107039e+01
2.974413347016599118e+01
1.929046364522470469e+01
2.403850290670703771e+01
2.748675980874443425e+01
2.384243780549337188e+01
3.152599895905107275e+01
1.536481898737516261e+01
3.585367580570148505e+01
3.540912222333982129e+01
1.448220821600532737e+01
3.191288670371946523e+01
2.839328534178832086e+01
2.838139836039739095e+01
2.342853134376432678e+01
2.228108352438755446e+01
2.245020338465065279e+01
2.222542271560195815e+01
2.736727065797506953e+01
2.351202696071777609e+01
2.013146902163687813e+01
2.075626216634288923e+01
1.808478611018325921e+01
2.336369647302203134e+01
2.758504329153033297e+01
1.939946154595065053e+01
2.703678879233054388e+01
2.133603503318614614e+01
2.297975665874664131e+01
3.328766898150143305e+01
2.207351937788313023e+01
2.001869009020582979e+01
2.370796895300021134e+01
2.686675265329159501e+01
2.117675370135897595e+01
2.709631057996595871e+01
3.210195245154857702e+01
2.498462625374262203e+01
2.600229684094941263e+01
2.860826445622342362e+01
2.081162352061809173e+01
2.420440434547869302e+01
2.603981010303002819e+01
2.105421098343112618e+01
1.676100096558307229e+01
2.461722239200700457e+01
2.955193141875843921e+01
2.722268356486809537e+01
2.678692881897343980e+01
2.153509062470680391e+01
1.858013250249766202e+01
1.956831409627975660e+01
2.811001763355701755e+01
3.270527514618022735e+01
2.553198413213293350e+01
2.695881372453992242e+01
2.963451870230016638e+01
1.882730115344831745e+01
2.713652369932927400e+01
1.510451154788601791e+01
2.445725602360582585e+01
2.654269110669176257e+01
2.366451695306074399e+01
2.694700684772170263e+01
2.616610208757056455e+01
1.811052273950398117e+01
2.679777286545234105e+01
3.409026566681478698e+01
2.610549569880024023e+01
1.441086291241522055e+01
2.660313667329363696e+01
2.425512750226482694e+01
2.591495210249222225e+01
3.402777647086160329e+01
2.474261916834995390e+01
2.767437642540634357e+01
3.045432936672868607e+01
2.410178178669281834e+01
2.567636267964566699e+01
1.844719719022670290e+01
3.253152443283455142e+01
2.882473531295565294e+01
2.256434472408754388e+01
3.345533588423923277e+01
2.602365658133006932e+01
1.737607454662790474e+01
2.750653883224578777e+01
2.982682888872389526e+01
2.740525443023820529e+01
2.186469370476429930e+01
2.805132600099230444e+01
1.748516027354487079e+01
2.296753314859033424e+01
2.181675255585302509e+01
2.377230502404477619e+01
1.652311611279657910e+01
2.981194083636437142e+01
2.523629770752658175e+01
2.245764503603839657e+01
2.033414031259194132e+01
3.071232504406722796e+01
2.762319296725969053e+01
2.398312345075961360e+01
2.406064875331427189e+01
2.409642913105669848e+01
2.324309726656568387e+01
2.127318255887548659e+01
2.953587112431877415e+01
2.094611686401511363e+01
3.240118253266675907e+01
3.326017865699586906e+01
2.485618433497065638e+01
2.788731019881037199e+01
2.313747595808315083e+01
1.682447465228954542e+01
2.376535687276739139e+01
3.480175835300929066e+01
2.398436567228831251e+01
2.761843128400546732e+01
2.113542467085254017e+01
2.159547432475633499e+01
2.519278590419405006e+01
2.316039039516295617e+01
2.634466988957551692e+01
2.681292029726816395e+01
2.630217337610104522e+01
2.112630529504751564e+01
2.214053787866639311e+01
2.399196507766232145e+01
1.619098352304548172e+01
2.293052722025348089e+01
2.342718898537621186e+01
1.920857038720039611e+01
2.851420260960075126e+01
2.560511835801901626e+01
2.022196542125566765e+01
2.666778287114463097e+01
2.357325712094414527e+01
2.089219990879110966e+01
3.750517506446671234e+01
2.211179813820809770e+01
2.283693739351045338e+01
2.196874462207196288e+01
3.078620292060988461e+01
1.708271934815585169e+01
1.902391023637231982e+01
2.520713773019700099e+01
2.665579202633871247e+01
3.239363644460394198e+01
2.881734151972168334e+01
2.665399901600145327e+01
2.094020631368329077e+01
2.118681618808373202e+01
2.773251032302942320e+01
3.004815756801061610e+01
2.564970152079810717e+01
2.759135411200596621e+01
2.816726261379342588e+01
1.465392969532654810e+01
2.160391645592692100e+01
1.980714363025721880e+01
2.655439353210742226e+01
1.873212681494546317e+01
2.492818919497400998e+01
1.544703081831048586e+01
3.005350696274697242e+01
1.971331421059845823e+01
2.529783668687058551e+01
2.774799592749982580e+01
2.150635770694485416e+01
3.282667980803814345e+01
3.411773124633070609e+01
3.404768761911637398e+01
3.103570243264959672e+01
2.279230772256434534e+01
3.003098802695863156e+01
2.493454224404050734e+01
2.792461240056933036e+01
2.462355905327122230e+01
2.416452995523120251e+01
2.558893469474059401e+01
2.198590349630270424e+01
1.748999504348305578e+01
2.513508475683235233e+01
3.323045043787024611e+01
2.076640837450272770e+01
1.674110727788343667e+01
3.460937682902161328e+01
2.628004917853367672e+01
3.365790759908603746e+01
2.129877348726024877e+01
2.282704664990978216e+01
3.013119054559522425e+01
2.418095085931479105e+01
2.553933654196345060e+01
2.342727444958651617e+01
3.049450830384370903e+01
1.772406843293549628e+01
2.311346148817014878e+01
3.174357800131020468e+01
2.382725412665215003e+01
2.873882516004151455e+01
2.163894560436085612e+01
2.427550769057786795e+01
2.892782550502401051e+01
3.679809606104537067e+01
2.387984049622194149e+01
2.450489744536585235e+01
2.703621439781975155e+01
2.670538444404335365e+01
2.611523825267748933e+01
2.398828163541692149e+01
2.558938762983516568e+01
2.271142532697045269e+01
2.302074163466810930e+01
1.903148823399142486e+01
2.030004461796751514e+01
2.641604687279320984e+01
2.744190135925255447e+01
2.285870473047129536e+01
3.589674531583311534e+01
2.228091138444072072e+01
2.916177139089421644e+01
1.945167846900265118e+01
2.051851853538678938e+01
3.284097150867994230e+01
2.000005724337737689e+01
3.238209350234796347e+01
2.838289423381370113e+01
1.729621384806629791e+01
4.165362600804733972e+01
2.694728214686314871e+01
2.776785341327725476e+01
1.739082795806112713e+01
1.789168306574175027e+00
-7.080570473109575325e-01
1.730336462741051795e+00
-6.275712989870925185e+00
-1.428477168767117611e+01
6.477220681112580536e+00
2.035800988016105428e+00
8.295511494292357568e+00
-3.868037790374345142e-01
-4.069894290511006929e+00
-3.406480703348211847e+00
1.230574732817526939e+00
-3.530617139183684472e+00
-8.685322560521770985e-01
3.761967745926809492e+00
-3.067996263712934102e+00
7.839604778137541530e+00
4.802581776218115550e+00
-8.484759775465478882e+00
6.843959439701413849e+00
-1.601878139284987057e+01
-8.849145476048611569e-02
1.223817330271404913e+01
2.069141602770962152e+00
-1.187880361344379465e-01
9.659179658765106424e+00
-1.548039473079115380e+00
-4.987208317101961441e+00
9.402633465052895545e+00
-6.391949860853573639e+00
-3.182551461066923437e+00
5.413836967104731279e+00
8.639678461946264321e+00
-8.435830652072123570e+00
-5.838680411606772758e+00
-2.542404828426064523e+00
3.765985117210312261e+00
7.672501618136815082e+00
-4.228051871880518675e+00
-6.969562674526355028e-01
1.534488846725425226e+01
-1.085465380575261651e+00
2.316568603535965831e+00
3.575020762726633272e+00
3.952967520806849322e+00
-6.737068853200517182e+00
-6.975180602496041438e+00
-5.145752850105545839e+00
7.678553121600576681e+00
-2.232490085114894551e+00
-5.168496280168360713e+00
-7.981798155927618765e+00
-5.861464143448761099e+00
-2.378624143121688128e+00
-4.355261118861978531e+00
3.783592328829446849e+00
3.015494980171271044e-01
9.047137866912954962e+00
-1.356565744452583377e+00
5.994884346428801081e+00
1.867756046362845535e+00
6.896759984793682463e+00
-2.529155496450752327e-01
-5.683500523403441029e+00
2.538661151892016132e+00
9.703035486223548389e+00
-8.694899028037296418e+00
4.668797917943848574e+00
-2.499282189928642706e-01
1.120673626763864839e+00
4.676838393800716531e+00
3.308235574818618185e-01
1.117257013781641461e+01
-3.313605950662819488e+00
1.281647189150366128e-01
1.884783566375756614e+00
-1.527709045284037614e+00
-1.630882535403815004e+00
-3.011635517285244923e+00
-1.021077661598050357e+00
7.193468538202683504e+00
-4.767627921844205474e+00
2.804316019211212208e+00
3.315795614897979249e+00
-4.854486256828874247e+00
-1.016285099672032732e+00
3.367188133394829919e+00
-8.028395212732336361e+00
1.426410918515227166e+00
-7.523387668443361598e+00
-8.826240526348575699e+00
1.847897348110661975e-01
-1.334230867428836120e+00
-4.290225233357348955e+00
-2.238321380549646022e+00
-4.100131561377763134e+00
-7.574253468211885831e+00
2.573862451194459666e+00
4.585204855274959135e-01
-3.762183021646646086e+00
-4.905998309727443996e+00
-1.150503182095895749e+00
-3.628135926296768954e+00
-6.807411978941041442e-01
-5.105528779137607387e+00
3.187572971152462742e+00
7.706985030436668271e-01
-2.960800136820590733e+00
1.532745613361143233e+00
-9.865951228270837703e+00
-1.356008813587588346e-01
4.026070208354441959e+00
-1.663254486288951561e+00
-1.249387004822001268e+00
-3.107456639552285793e+00
9.819597896464224984e-01
5.110013214277921101e+00
-3.711473383178866214e+00
-7.727645609188145137e+00
5.169585486901759452e+00
-3.501829631672110921e+00
-3.123269068907378543e+00
-2.276898683216461272e+00
3.071725517365060387e+00
-4.825477396378673234e+00
3.395572620804128139e-01
-1.401053026590184603e+00
-3.086904737224616113e+00
-8.695729456963380954e+00
-1.339661933199675303e+01
-6.634065564841662876e+00
-8.603461681158453445e+00
-2.550088883465402034e+01
-3.637814748721299285e+00
-8.612529932161380186e-01
-2.830855358891017470e+00
2.170560613058851285e+00
-2.445757537567653017e+00
-8.230393933714257315e+00
-6.168267345655788603e+00
5.941973781917423203e+00
7.962431313783595144e+00
5.313553858921112649e+00
-1.318589560713819386e+00
2.861514003051907284e+00
-7.117238915461268078e+00
1.098757659406002007e+00
-1.972779167273197132e+00
-6.424691616666512672e+00
-3.947927645840768607e-01
-1.506548081512088411e+00
5.970856726082441668e+00
3.525533609717847572e+00
-1.513212342858188286e+00
-7.225286770420241922e+00
4.475997738053227870e+00
-4.587852039487327005e+00
4.591303294588001904e+00
-5.394224643600531444e-02
-1.078122900574006504e+00
-5.664950553680577983e+00
6.451502427594711264e+00
-5.806539325924321204e+00
2.517754329260013080e+00
-8.364930732344745934e+00
-7.273911841499364428e+00
-3.985719879471150584e+00
-3.206503299568204568e+00
1.971780357628764691e+00
4.229907040589926837e+00
-8.324690870363321338e+00
-2.732467095733571494e+00
5.600422202257835380e-01
6.270082448905760941e+00
-3.321579602579398660e+00
4.283129173107515619e+00
5.913907216514236787e+00
-7.090541753458245111e+00
3.548768186527513357e+00
-6.614334784417496671e+00
-1.379234878325982239e+00
1.825717144866942920e+00
-2.611721782994419705e+00
-5.027879035775341343e+00
-3.464895100179107956e+00
5.413727754000234427e+00
7.000206499665864612e+00
1.239816844933049611e-01
-2.870325127236099672e-01
-6.884531043647739601e+00
-1.986477813108921353e+00
2.457065333679288699e+00
3.373977721656609141e+00
-3.950613057354886770e+00
-3.555176727187223218e+00
-3.195989062366038524e+00
-7.451717442497791666e-01
2.689758808115371380e+00
2.388221629887915753e+00
-5.463026080973914844e+00
-4.258482063901027459e+00
4.456296682299431211e+00
-1.028018786151561059e+00
5.210582511874556566e+00
-4.579667805196811159e+00
-3.286072013291008176e+00
4.009646004686027609e+00
2.271275001717603104e+00
-1.920920896067936479e+00
-2.802983140233788806e+00
-5.917262798200151330e-01
-7.065084792410861958e+00
-7.480270184017015822e+00
7.334962584568648580e+00
-4.301233871517396778e+00
-2.955836116128016666e+00
2.848843318580423389e+00
-1.030492536034160267e+01
-9.249597117426636927e+00
1.035700461416268325e+01
3.424336634733810003e-01
4.673810126075407467e+00
8.213277512967983585e-01
-2.520032444241936398e-01
4.711047098798495369e+00
2.992763752397671340e+00
6.728439413305618899e+00
-1.970348512069417968e+00
3.824467602568835667e-01
-1.074738199572268016e+00
-1.255362026831760325e+01
5.895486599011487527e+00
-6.262180105762036320e+00
-6.087202450768264939e+00
5.379334413789959024e-01
6.061967272742915469e+00
-9.706901425313114729e+00
-2.618585106091767756e+00
4.605445547531539674e+00
1.146633372475554324e+01
1.345043294015787705e+00
3.698932390925668834e+00
1.106065229255885463e+01
1.652088390215204150e+00
-4.921866035233167791e-01
1.774705037700124777e+01
-1.343304389569885871e+01
-2.923055898889085569e+00
2.945378397192131015e-01
-1.516523264802850601e+00
1.889406971998137230e+00
-6.312226436495660842e+00
-3.829067043368075129e+00
-6.271481473466283596e+00
4.280136627812041183e+00
-1.649358966640792623e+00
-7.367544945134969936e+00
-9.448087791504521604e+00
7.496802227455380496e+00
2.661640436516307329e+00
4.375390525911053707e+00
-1.666490284073831374e+00
1.078481811118912503e+00
7.123553324956498400e+00
-8.908798968266912865e+00
-2.490407444152583416e+00
2.212267036282984378e+00
8.572480043274092409e+00
2.669087698952581356e+00
7.803711319745699981e+00
-1.100221825993335756e+01
-4.345694078423400164e+00
-8.029003772180270948e-02
3.981158866806212338e+00
-3.553970519476471468e-01
-1.190286594077712223e+01
6.014716624340776363e+00
3.386078122736936535e+00
6.450161844801288069e+00
8.315865969130140201e+00
-8.552295300542279932e+00
6.007456097761058267e+00
-1.640229851778272963e+00
-7.295781570980603981e+00
-9.486171884602640603e+00
-1.301763550405970138e+00
-2.381735311226127028e+00
1.137699103750031959e+01
7.069630775973601899e+00
-1.068325559759084697e+01
2.852907385610221169e+00
-1.415363729155112660e+00
1.278627867595762524e+01
1.132699496673996276e+00
-7.815760091527964804e+00
-3.151692452682225198e+00
-3.247749269350723722e+00
-7.802100451686364568e-01
2.402881248929160662e+00
-1.751874616779145022e+00
